       0      1.27915
       0      9.48243
       0      1.10953
       0      32.6963
       0      2.53606
       0     0.745246
       0      86.2539
       0      18.1695
       0      122.960
       0      19.3959
       0      62.7564
      -1   -0.0583962
       0     0.322569
       0     0.770273
       0      29.1369
       0      1.15402
       0     0.706316
       0      12.8054
       0     0.102888
       0     0.269735
       0     0.147381
       0      6.75171
       0     0.864819
      -1    0.0166846
      -1   0.00834231
       0      1.17627
       0     0.116792
       0     0.258612
       0      7.33011
       0     0.417115
       0     0.659042
       0      29.8293
       0      1.79916
       0      5.51983
       0      1.79360
      -1    -0.191873
       0      12.3383
       0      28.4306
       0      58.1987
      -1    0.0639577
      -1   -0.0667385
       0      3.92367
      -1   0.00556154
      -1   -0.0111231
       0      6.84069
       0      1.08450
       0     0.127915
       0     0.361500
       0      1.07060
       0      34.2341
       0     0.102888
       0      1.31530
       0      41.1137
      -1    0.0806423
       0      21.1617
       0      8.47857
       0      5.78678
       0      379.150
       0      2.73350
       0      2.14954
       0      1.99381
       0     0.136258
       0      20.5276
       0      1.49327
      -1      0.00000
       0      16.2314
       0      8.62595
       0      2.19125
       0     0.620112
       0      15.0912
       0      5.97309
       0      9.78831
       0     0.820327
       0      1.23466
      -1    0.0528346
       0      16.4204
       0      3.38698
      -1  -0.00556154
      -1   -0.0278077
       0      2.24408
       0      2.06611
       0      3.56773
       0      7.85846
      -1   -0.0862039
       0      4.03768
       0     0.408773
       0     0.378185
