0    0.4097 
0    0.1622 
-1   0.0960 
0    1.2334 
0    0.6252 
-1   0.1152 
-1   0.1280 
-1   0.1280 
0    1.2505 
0    42.8474 
-1   0.0960 
0    0.8301 
0    0.7362 
0    0.1408 
0    1.1225 
0    2.1873 
0    0.5996 
-1   0.0768 
0    0.5164 
0    0.9176 
0    0.2497 
0    0.1899 
0    46.6821 
0    0.3265 
-1   0.0960 
-1   0.1280 
0    1.6303 
-1   0.0960 
-1   0.0832 
0    0.8706 
0    0.1259 
0    0.3606 
0    0.6509 
-1   0.0960 
0    0.1793 
-1   0.0960 
-1   0.1280 
0    2.7997 
0    0.4545 
0    5.0126 
0    0.2070 
0    9.2165 
0    0.1622 
-1   0.0768 
-1   0.0960 
0    0.3692 
0    10.0893 
0    0.1472 
0    0.1857 
0    0.1430 
-1   0.0896 
-1   0.1024 
0    0.1408 
0    0.3798 
0    1.0414 
-1   0.1024 
0    192.8146 
0    0.1408 
0    0.1131 
0    1.2825 
-1   0.1024 
0    0.1878 
0    1.6069 
0    1.0179 
0    8.6830 
0    0.2646 
-1   0.0768 
-1   0.0768 
0    2.5074 
0    5.0297 
0    0.6146 
-1   0.0768 
0    0.9859 
0    0.6124 
0    0.1280 
