3.297e-09 2.101e+05 8.871e+04
5.435e-09 3.457e+05 1.456e+05
8.961e-09 5.674e+05 2.380e+05
1.477e-08 9.279e+05 3.865e+05
2.436e-08 1.508e+06 6.219e+05
4.016e-08 2.428e+06 9.853e+05
6.621e-08 3.844e+06 1.522e+06
1.092e-07 5.913e+06 2.256e+06
1.800e-07 8.654e+06 3.116e+06
2.967e-07 1.161e+07 3.810e+06
4.893e-07 1.343e+07 3.784e+06
8.066e-07 1.221e+07 2.671e+06
1.330e-06 7.915e+06 1.181e+06
2.193e-06 3.726e+06 3.423e+05
3.615e-06 1.489e+06 8.944e+04
5.960e-06 5.456e+05 2.686e+04
9.827e-06 1.794e+05 9.857e+03
1.620e-05 6.777e+04 5.280e+03
2.671e-05 3.211e+04 3.097e+03
4.404e-05 1.451e+04 1.472e+03
7.261e-05 3.578e+03 3.532e+02
1.197e-04 7.083e+02 5.145e+01
1.974e-04 1.246e+02 5.938e+00
3.254e-04 1.553e+01 5.283e-01
5.365e-04 1.893e+00 3.959e-02
8.846e-04 1.994e-01 2.048e-03
1.458e-03 2.342e-02 4.893e-04
2.405e-03 4.948e-03 1.229e-04
3.978e-03 1.530e-03 2.311e-05
6.557e-03 3.366e-04 4.658e-06
1.081e-02 5.648e-05 1.519e-06
1.790e-02 1.601e-05 3.706e-07
2.956e-02 4.996e-06 4.351e-08
4.873e-02 8.780e-07 1.625e-09
7.991e-02 6.349e-08 1.111e-11
1.283e-01 1.297e-09 4.918e-15
1.981e-01 5.609e-12 3.654e-25
2.920e-01 2.121e-23 1.079e-27
4.102e-01 1.978e-27 1.064e-27
5.535e-01 1.054e-27 1.070e-27
7.305e-01 1.043e-27 1.052e-27
9.559e-01 1.066e-27 1.063e-27
1.245e+00 1.064e-27 1.049e-27
1.613e+00 1.030e-27 1.094e-27
2.079e+00 1.094e-27 1.068e-27
2.667e+00 1.115e-27 1.085e-27
3.405e+00 1.062e-27 1.035e-27
4.325e+00 1.120e-27 1.093e-27
5.465e+00 1.135e-27 1.102e-27
6.873e+00 1.082e-27 1.042e-27
8.600e+00 9.122e-28 8.729e-28
1.071e+01 1.127e-27 1.095e-27
1.326e+01 1.374e-27 1.361e-27
1.635e+01 8.340e-28 8.372e-28
2.006e+01 1.008e-27 1.023e-27
2.448e+01 1.212e-27 1.238e-27
2.973e+01 1.453e-27 1.488e-27
3.592e+01 1.736e-27 1.780e-27
4.319e+01 2.067e-27 2.115e-27
5.168e+01 0.000e+00 0.000e+00
6.152e+01 0.000e+00 0.000e+00
7.287e+01 0.000e+00 0.000e+00
8.566e+01 0.000e+00 0.000e+00
1.005e+02 0.000e+00 0.000e+00
1.183e+02 0.000e+00 0.000e+00
1.391e+02 0.000e+00 0.000e+00
1.637e+02                    
1.925e+02                    
2.265e+02                    
2.665e+02                    
3.135e+02                    
3.688e+02                    
4.339e+02                    
5.105e+02                    
6.005e+02                    
6.968e+02                    
7.877e+02                    
8.672e+02                    
9.296e+02                    
9.706e+02                    
9.926e+02                    
