5.960e-06 9.562e-09 1.094e-08 3.863e-08 3.227e-13 3.427e-13 2.973e-13 5.379e-09 1.947e-08 1.584e-06 7.638e-18 8.793e-14 9.752e-13
9.827e-06 4.827e-09 9.462e-09 8.212e-08 5.759e-13 7.026e-13 5.985e-13 6.995e-09 2.594e-08 2.064e-06 1.374e-17 1.925e-13 1.772e-12
1.620e-05 2.903e-09 1.152e-08 1.361e-07 2.068e-12 2.802e-12 2.201e-12 8.899e-09 3.567e-08 2.637e-06 2.303e-17 4.831e-13 3.031e-12
2.671e-05 1.936e-09 1.968e-08 2.156e-07 4.618e-12 8.686e-12 6.126e-12 1.088e-08 5.274e-08 3.259e-06 3.486e-17 1.306e-12 4.840e-12
4.404e-05 1.403e-09 4.868e-08 3.378e-07 2.016e-11 5.279e-11 3.417e-11 1.271e-08 8.609e-08 3.910e-06 4.612e-17 3.616e-12 7.624e-12
7.261e-05 1.010e-09 1.735e-07 5.243e-07 5.893e-11 1.980e-10 1.162e-10 1.461e-08 1.522e-07 4.615e-06 5.647e-17 1.006e-11 1.329e-11
1.197e-04 8.091e-10 8.207e-07 8.276e-07 7.105e-10 1.724e-09 1.021e-09 1.702e-08 3.440e-07 5.558e-06 7.741e-17 3.972e-11 2.794e-11
1.974e-04 6.372e-10 4.907e-06 1.312e-06 2.717e-09 5.937e-09 3.310e-09 2.016e-08 1.398e-06 6.734e-06 1.303e-16 2.590e-10 6.150e-11
3.254e-04 4.188e-10 2.216e-05 2.446e-06 2.842e-08 2.015e-08 1.431e-08 2.448e-08 4.970e-06 7.874e-06 3.015e-16 1.117e-09 1.272e-10
5.365e-04 1.768e-10 5.237e-05 4.753e-06 7.161e-08 3.791e-08 2.973e-08 3.201e-08 8.911e-06 8.802e-06 7.723e-16 2.398e-09 2.066e-10
8.846e-04 7.385e-11 8.082e-05 8.639e-06 3.679e-07 7.214e-08 7.349e-08 4.157e-08 1.133e-05 9.549e-06 2.557e-15 3.067e-09 2.807e-10
1.458e-03 9.423e-11 1.079e-04 1.424e-05 6.377e-07 9.033e-08 1.151e-07 4.979e-08 1.238e-05 1.004e-05 7.685e-15 3.432e-09 3.680e-10
2.405e-03 2.187e-10 1.534e-04 2.610e-05 1.334e-06 1.138e-07 1.725e-07 5.601e-08 1.267e-05 1.028e-05 1.768e-14 3.955e-09 5.141e-10
3.978e-03 9.381e-10 3.300e-04 6.607e-05 1.642e-06 1.041e-07 1.730e-07 5.986e-08 1.317e-05 1.035e-05 2.845e-14 4.748e-09 7.171e-10
6.557e-03 8.301e-09 7.174e-04 1.397e-04 1.767e-06 8.127e-08 1.591e-07 6.228e-08 1.370e-05 1.034e-05 6.119e-14 7.032e-09 1.473e-09
1.081e-02 7.872e-08 8.794e-04 1.991e-04 1.182e-06 3.621e-08 1.112e-07 6.346e-08 1.269e-05 1.028e-05 2.014e-13 1.874e-08 4.569e-09
1.790e-02 1.494e-07 9.066e-04 2.396e-04 1.062e-06 1.196e-08 8.496e-08 6.411e-08 1.213e-05 1.020e-05 7.260e-13 4.113e-08 1.232e-08
2.956e-02 2.626e-07 6.673e-04 2.661e-04 1.028e-06 5.570e-09 5.322e-08 6.592e-08 1.185e-05 9.790e-06 1.608e-12 8.897e-08 3.211e-08
4.873e-02 2.205e-06 4.317e-04 2.534e-04 3.077e-06 1.262e-08 1.356e-07 7.389e-08 8.163e-06 8.002e-06 2.165e-12 1.297e-07 5.541e-08
7.991e-02 7.840e-06 2.933e-04 2.271e-04 5.104e-06 3.064e-08 2.645e-07 8.858e-08 4.552e-06 5.385e-06 4.036e-12 8.891e-08 4.426e-08
1.283e-01 1.511e-05 1.984e-04 1.876e-04 8.187e-06 6.403e-08 4.553e-07 1.070e-07 2.791e-06 3.489e-06 5.678e-12 5.912e-08 2.862e-08
1.981e-01 1.874e-05 1.474e-04 1.486e-04 1.182e-05 7.380e-08 5.445e-07 1.262e-07 2.122e-06 2.703e-06 8.930e-12 6.522e-08 3.087e-08
2.920e-01 2.021e-05 1.061e-04 1.153e-04 1.734e-05 7.270e-08 8.063e-07 1.461e-07 1.867e-06 2.492e-06 2.342e-11 9.146e-08 4.713e-08
4.102e-01 2.067e-05 7.938e-05 8.929e-05 2.136e-05 5.970e-08 1.131e-06 1.600e-07 1.953e-06 2.496e-06 5.261e-11 1.405e-07 6.766e-08
5.535e-01 2.082e-05 5.978e-05 6.921e-05 2.434e-05 6.857e-08 1.556e-06 1.702e-07 2.357e-06 2.561e-06 9.282e-11 2.472e-07 9.110e-08
7.305e-01 2.084e-05 4.633e-05 5.338e-05 2.604e-05 7.811e-08 2.140e-06 1.785e-07 3.050e-06 2.626e-06 1.283e-10 4.048e-07 1.152e-07
9.559e-01 2.077e-05 3.666e-05 4.147e-05 2.708e-05 8.933e-08 2.841e-06 1.869e-07 3.465e-06 2.604e-06 1.397e-10 4.827e-07 1.321e-07
1.245e+00 2.055e-05 3.032e-05 3.592e-05 2.710e-05 9.436e-08 3.455e-06 1.970e-07 3.327e-06 2.478e-06 1.287e-10 4.566e-07 1.410e-07
1.613e+00 2.009e-05 2.591e-05 3.128e-05 2.615e-05 1.099e-07 4.051e-06 2.085e-07 2.712e-06 2.247e-06 1.099e-10 3.515e-07 1.397e-07
2.079e+00 1.962e-05 2.303e-05 2.672e-05 2.356e-05 1.713e-07 4.609e-06 2.181e-07 2.010e-06 1.898e-06 8.380e-11 2.471e-07 1.292e-07
2.667e+00 1.924e-05 2.111e-05 2.264e-05 2.037e-05 4.142e-07 5.139e-06 2.251e-07 1.398e-06 1.468e-06 6.965e-11 1.723e-07 1.108e-07
3.405e+00 1.882e-05 1.966e-05 1.988e-05 1.715e-05 1.500e-06 5.816e-06 2.317e-07 9.528e-07 1.083e-06 8.587e-11 1.211e-07 8.584e-08
4.325e+00 1.839e-05 1.845e-05 1.797e-05 1.451e-05 4.405e-06 6.991e-06 2.374e-07 6.538e-07 7.891e-07 1.102e-10 8.777e-08 6.475e-08
5.465e+00 1.775e-05 1.736e-05 1.669e-05 1.178e-05 7.380e-06 7.938e-06 2.430e-07 4.598e-07 5.911e-07 1.554e-10 5.966e-08 4.762e-08
6.873e+00 1.687e-05 1.634e-05 1.572e-05 9.499e-06 8.412e-06 8.016e-06 2.489e-07 3.503e-07 4.601e-07 2.258e-10 3.831e-08 3.933e-08
8.600e+00 1.576e-05 1.553e-05 1.478e-05 7.095e-06 7.427e-06 7.154e-06 2.552e-07 2.989e-07 3.737e-07 2.760e-10 2.441e-08 3.482e-08
1.071e+01 1.450e-05 1.463e-05 1.378e-05 4.725e-06 5.664e-06 5.665e-06 2.620e-07 2.773e-07 3.221e-07 2.595e-10 1.369e-08 2.931e-08
1.326e+01 1.357e-05 1.371e-05 1.278e-05 2.880e-06 3.973e-06 3.940e-06 2.673e-07 2.719e-07 2.955e-07 2.146e-10 6.309e-09 2.112e-08
1.635e+01 1.306e-05 1.290e-05 1.184e-05 1.576e-06 2.566e-06 2.422e-06 2.709e-07 2.722e-07 2.834e-07 1.590e-10 2.163e-09 1.190e-08
2.006e+01 1.276e-05 1.217e-05 1.117e-05 9.161e-07 1.588e-06 1.543e-06 2.727e-07 2.729e-07 2.785e-07 1.313e-10 8.001e-10 6.386e-09
2.448e+01 1.270e-05 1.248e-05 1.083e-05 5.804e-07 1.055e-06 1.023e-06 2.736e-07 2.735e-07 2.767e-07 1.032e-10 3.041e-10 3.737e-09
2.973e+01 1.369e-05 1.315e-05 1.133e-05 3.969e-07 7.292e-07 6.888e-07 2.740e-07 2.739e-07 2.758e-07 7.839e-11 1.493e-10 2.274e-09
3.592e+01 1.574e-05 1.450e-05 1.253e-05 2.937e-07 5.213e-07 4.793e-07 2.743e-07 2.741e-07 2.754e-07 6.482e-11 1.025e-10 1.427e-09
4.319e+01 1.953e-05 1.711e-05 1.501e-05 2.241e-07 4.050e-07 3.545e-07 2.745e-07 2.743e-07 2.753e-07 5.464e-11 7.515e-11 9.749e-10
5.168e+01 2.706e-05 2.237e-05 1.955e-05 1.813e-07 3.152e-07 2.797e-07 2.746e-07 2.744e-07 2.752e-07 4.969e-11 6.159e-11 7.110e-10
6.152e+01 4.209e-05 3.054e-05 2.773e-05 1.617e-07 2.398e-07 2.331e-07 2.747e-07 2.744e-07 2.751e-07 4.922e-11 5.596e-11 5.521e-10
7.287e+01 6.913e-05 4.839e-05 4.492e-05 1.596e-07 1.804e-07 2.024e-07 2.746e-07 2.744e-07 2.751e-07 5.221e-11 5.475e-11 4.434e-10
8.566e+01 1.171e-04 8.219e-05 7.718e-05 1.652e-07 1.444e-07 1.829e-07 2.746e-07 2.745e-07 2.750e-07 5.784e-11 5.433e-11 3.763e-10
1.005e+02 1.912e-04 1.490e-04 1.359e-04 1.620e-07 1.262e-07 1.703e-07 2.746e-07 2.745e-07 2.749e-07 6.035e-11 5.284e-11 3.315e-10
1.183e+02 3.043e-04 2.726e-04 2.347e-04 1.449e-07 1.289e-07 1.610e-07 2.746e-07 2.746e-07 2.749e-07 6.495e-11 5.167e-11 2.809e-10
1.391e+02 4.813e-04 4.704e-04 3.819e-04 1.332e-07 1.454e-07 1.535e-07 2.746e-07 2.746e-07 2.748e-07 7.431e-11 5.289e-11 2.275e-10
1.637e+02 7.804e-04 7.065e-04 5.832e-04 1.294e-07 1.548e-07 1.467e-07 2.746e-07 2.745e-07 2.747e-07 8.382e-11 5.688e-11 1.793e-10
1.925e+02 1.199e-03 9.995e-04 8.637e-04 1.217e-07 1.415e-07 1.349e-07 2.746e-07 2.745e-07 2.746e-07 7.836e-11 5.981e-11 1.351e-10
2.265e+02 1.739e-03 1.351e-03 1.268e-03 1.081e-07 1.156e-07 1.150e-07 2.746e-07 2.745e-07 2.746e-07 7.294e-11 5.538e-11 9.701e-11
2.665e+02 2.405e-03 1.855e-03 1.869e-03 9.308e-08 9.007e-08 9.217e-08 2.745e-07 2.746e-07 2.745e-07 7.911e-11 5.118e-11 6.999e-11
3.135e+02 3.337e-03 2.440e-03 2.715e-03 7.974e-08 7.073e-08 7.400e-08 2.744e-07 2.745e-07 2.745e-07 9.248e-11 5.207e-11 5.663e-11
3.688e+02 4.476e-03 3.219e-03 3.786e-03 7.046e-08 6.127e-08 6.283e-08 2.743e-07 2.745e-07 2.743e-07 1.047e-10 5.577e-11 5.465e-11
4.339e+02 6.475e-03 4.133e-03 5.084e-03 6.574e-08 5.650e-08 5.678e-08 2.740e-07 2.744e-07 2.742e-07 1.027e-10 5.437e-11 5.718e-11
5.105e+02 8.902e-03 5.438e-03 6.681e-03 6.404e-08 5.305e-08 5.371e-08 2.737e-07 2.743e-07 2.739e-07 9.122e-11 4.849e-11 5.827e-11
6.005e+02 1.124e-02 7.119e-03 8.450e-03 6.328e-08 5.064e-08 5.201e-08 2.734e-07 2.741e-07 2.737e-07 8.002e-11 4.167e-11 5.442e-11
6.968e+02 1.387e-02 8.903e-03 1.046e-02 6.192e-08 4.867e-08 5.056e-08 2.730e-07 2.738e-07 2.734e-07 6.362e-11 3.298e-11 4.562e-11
7.877e+02 1.611e-02 1.084e-02 1.238e-02 6.025e-08 4.712e-08 4.909e-08 2.727e-07 2.735e-07 2.731e-07 4.483e-11 2.431e-11 3.629e-11
8.672e+02 1.706e-02 1.259e-02 1.376e-02 5.671e-08 4.550e-08 4.675e-08 2.725e-07 2.732e-07 2.729e-07 3.255e-11 2.475e-11 3.308e-11
9.296e+02 1.687e-02 1.463e-02 1.510e-02 4.929e-08 4.315e-08 4.339e-08 2.726e-07 2.730e-07 2.728e-07 4.431e-11 5.396e-11 4.906e-11
9.706e+02 1.642e-02 1.563e-02 1.574e-02 4.240e-08 3.979e-08 3.940e-08 2.727e-07 2.729e-07 2.728e-07 9.623e-11 6.158e-11 6.162e-11
9.926e+02 1.642e-02 1.600e-02 1.601e-02 3.824e-08 3.792e-08 3.726e-08 2.727e-07 2.729e-07 2.728e-07 9.012e-11 5.734e-11 5.509e-11
