3.297e-09 3.768e+03 1.017e+03
5.435e-09 3.767e+03 1.016e+03
8.961e-09 3.767e+03 1.016e+03
1.477e-08 3.767e+03 1.016e+03
2.436e-08 3.767e+03 1.015e+03
4.016e-08 3.767e+03 1.015e+03
6.621e-08 3.767e+03 1.013e+03
1.092e-07 3.763e+03 1.011e+03
1.800e-07 3.752e+03 1.007e+03
2.967e-07 3.727e+03 9.986e+02
4.893e-07 3.672e+03 9.844e+02
8.066e-07 3.561e+03 9.599e+02
1.330e-06 3.366e+03 9.203e+02
2.193e-06 3.074e+03 8.611e+02
3.615e-06 2.701e+03 7.803e+02
5.960e-06 2.286e+03 6.831e+02
9.827e-06 1.886e+03 5.810e+02
1.620e-05 1.555e+03 4.829e+02
2.671e-05 1.288e+03 3.930e+02
4.404e-05 1.046e+03 3.190e+02
7.261e-05 7.841e+02 2.725e+02
1.197e-04 6.283e+02 2.344e+02
1.974e-04 5.386e+02 2.130e+02
3.254e-04 4.135e+02 2.024e+02
5.365e-04 3.497e+02 1.999e+02
8.846e-04 3.073e+02 2.008e+02
1.458e-03 2.932e+02 2.008e+02
2.405e-03 2.915e+02 1.979e+02
3.978e-03 2.866e+02 1.940e+02
6.557e-03 2.808e+02 1.896e+02
1.081e-02 2.670e+02 1.903e+02
1.790e-02 2.521e+02 1.944e+02
2.956e-02 2.289e+02 2.007e+02
4.873e-02 2.061e+02 2.082e+02
7.991e-02 1.967e+02 2.200e+02
1.283e-01 1.945e+02 2.312e+02
1.981e-01 1.928e+02 2.404e+02
2.920e-01 1.922e+02 2.484e+02
4.102e-01 1.919e+02 2.543e+02
5.535e-01 1.922e+02 2.576e+02
7.305e-01 1.923e+02 2.593e+02
9.559e-01 1.914e+02 2.598e+02
1.245e+00 1.903e+02 2.586e+02
1.613e+00 1.910e+02 2.555e+02
2.079e+00 1.932e+02 2.524e+02
2.667e+00 1.946e+02 2.477e+02
3.405e+00 1.956e+02 2.418e+02
4.325e+00 1.963e+02 2.372e+02
5.465e+00 1.959e+02 2.331e+02
6.873e+00 1.937e+02 2.296e+02
8.600e+00 1.917e+02 2.275e+02
1.071e+01 1.933e+02 2.249e+02
1.326e+01 1.964e+02 2.232e+02
1.635e+01 1.994e+02 2.221e+02
2.006e+01 2.024e+02 2.203e+02
2.448e+01 2.054e+02 2.191e+02
2.973e+01 2.080e+02 2.180e+02
3.592e+01 2.104e+02 2.161e+02
4.319e+01 2.125e+02 2.145e+02
5.168e+01 2.146e+02 2.127e+02
6.152e+01 2.167e+02 2.097e+02
7.287e+01 2.189e+02 2.057e+02
8.566e+01 2.208e+02 2.040e+02
1.005e+02 2.226e+02 2.045e+02
1.183e+02 2.248e+02 2.061e+02
1.391e+02 2.277e+02 2.074e+02
1.637e+02                    
1.925e+02                    
2.265e+02                    
2.665e+02                    
3.135e+02                    
3.688e+02                    
4.339e+02                    
5.105e+02                    
6.005e+02                    
6.968e+02                    
7.877e+02                    
8.672e+02                    
9.296e+02                    
9.706e+02                    
9.926e+02                    
