5.960e-06 1.282e-08 5.203e-07 6.706e-06 5.837e-13 3.440e-13 5.159e-13 1.499e-08 6.181e-08 1.302e-06 1.773e-13 5.189e-12 2.706e-11
9.827e-06 8.912e-09 1.305e-06 1.642e-05 6.394e-12 1.923e-12 5.382e-12 1.950e-08 8.211e-08 1.699e-06 3.328e-13 9.580e-12 5.148e-11
1.620e-05 7.203e-09 2.072e-06 2.400e-05 4.499e-11 8.728e-12 3.685e-11 2.501e-08 1.106e-07 2.193e-06 6.043e-13 1.726e-11 9.592e-11
2.671e-05 6.558e-09 3.058e-06 3.051e-05 2.937e-10 3.368e-11 2.446e-10 3.158e-08 1.523e-07 2.797e-06 1.055e-12 3.000e-11 1.746e-10
4.404e-05 6.469e-09 4.589e-06 3.591e-05 1.831e-09 1.430e-10 1.341e-09 3.938e-08 2.205e-07 3.507e-06 1.683e-12 5.064e-11 2.926e-10
7.261e-05 6.710e-09 7.009e-06 4.078e-05 6.393e-09 2.827e-10 3.068e-09 4.836e-08 3.481e-07 4.275e-06 2.551e-12 8.198e-11 4.380e-10
1.197e-04 7.105e-09 1.255e-05 4.732e-05 5.099e-08 7.621e-10 9.643e-09 5.907e-08 6.826e-07 5.149e-06 4.044e-12 1.334e-10 6.703e-10
1.974e-04 7.417e-09 2.887e-05 5.329e-05 2.084e-07 1.126e-09 2.131e-08 7.055e-08 1.553e-06 6.002e-06 5.830e-12 2.045e-10 9.285e-10
3.254e-04 7.722e-09 6.289e-05 5.786e-05 9.441e-07 1.218e-09 4.285e-08 8.058e-08 2.696e-06 6.736e-06 7.700e-12 2.718e-10 1.152e-09
5.365e-04 7.734e-09 1.044e-04 5.916e-05 2.105e-06 9.337e-10 6.855e-08 9.020e-08 3.383e-06 7.247e-06 9.401e-12 3.149e-10 1.217e-09
8.846e-04 7.645e-09 1.757e-04 6.289e-05 4.186e-06 6.035e-10 9.236e-08 1.014e-07 3.848e-06 7.602e-06 1.131e-11 3.769e-10 1.200e-09
1.458e-03 7.502e-09 3.392e-04 9.263e-05 6.214e-06 4.626e-10 9.986e-08 1.166e-07 4.268e-06 7.821e-06 1.359e-11 6.047e-10 1.313e-09
2.405e-03 7.077e-09 9.675e-04 1.639e-04 7.171e-06 4.360e-10 7.947e-08 1.299e-07 6.637e-06 7.971e-06 1.791e-11 1.401e-09 1.717e-09
3.978e-03 8.229e-09 1.362e-03 2.153e-04 4.855e-06 1.037e-09 3.514e-08 1.374e-07 8.297e-06 8.088e-06 2.867e-11 3.591e-09 3.827e-09
6.557e-03 1.890e-08 1.510e-03 2.621e-04 2.767e-06 5.731e-09 1.554e-08 1.407e-07 1.006e-05 8.091e-06 4.903e-11 1.119e-08 7.345e-09
1.081e-02 6.432e-08 1.366e-03 3.135e-04 1.800e-06 1.147e-08 4.008e-09 1.422e-07 1.126e-05 8.031e-06 1.327e-10 2.134e-08 1.134e-08
1.790e-02 9.778e-08 1.097e-03 3.570e-04 1.134e-06 3.885e-09 3.016e-09 1.446e-07 9.692e-06 7.727e-06 2.904e-10 2.503e-08 1.654e-08
2.956e-02 3.303e-07 5.860e-04 3.368e-04 6.912e-07 4.148e-09 7.406e-09 1.480e-07 6.163e-06 6.736e-06 3.058e-10 3.532e-08 1.961e-08
4.873e-02 1.282e-06 3.900e-04 3.029e-04 7.133e-07 1.419e-08 2.118e-08 1.546e-07 3.667e-06 5.046e-06 2.251e-10 2.599e-08 1.484e-08
7.991e-02 3.310e-06 2.622e-04 2.379e-04 5.901e-07 4.468e-08 5.513e-08 1.685e-07 2.334e-06 3.022e-06 1.860e-10 1.439e-08 8.160e-09
1.283e-01 4.679e-06 1.622e-04 1.727e-04 4.961e-07 7.585e-08 7.772e-08 1.805e-07 1.433e-06 1.714e-06 1.614e-10 9.443e-09 4.954e-09
1.981e-01 5.561e-06 1.230e-04 1.238e-04 4.938e-07 8.591e-08 1.061e-07 1.908e-07 1.129e-06 1.182e-06 1.434e-10 1.215e-08 5.162e-09
2.920e-01 6.207e-06 9.052e-05 9.432e-05 6.222e-07 1.231e-07 1.172e-07 1.996e-07 9.378e-07 9.946e-07 1.657e-10 2.225e-08 7.457e-09
4.102e-01 6.695e-06 6.204e-05 7.069e-05 7.831e-07 1.943e-07 1.253e-07 2.081e-07 8.115e-07 8.993e-07 2.153e-10 4.062e-08 1.085e-08
5.535e-01 7.116e-06 4.289e-05 5.232e-05 1.025e-06 3.115e-07 1.290e-07 2.158e-07 7.712e-07 8.470e-07 2.783e-10 7.355e-08 1.617e-08
7.305e-01 7.336e-06 3.016e-05 3.657e-05 1.191e-06 4.868e-07 1.438e-07 2.214e-07 7.310e-07 7.992e-07 3.760e-10 9.359e-08 2.285e-08
9.559e-01 7.409e-06 2.144e-05 2.042e-05 1.215e-06 7.706e-07 1.654e-07 2.242e-07 7.209e-07 7.538e-07 5.503e-10 1.020e-07 2.729e-08
1.245e+00 7.485e-06 1.647e-05 1.886e-05 1.297e-06 9.381e-07 2.049e-07 2.280e-07 6.097e-07 6.581e-07 8.210e-10 7.849e-08 2.649e-08
1.613e+00 7.533e-06 1.282e-05 1.593e-05 1.331e-06 1.063e-06 3.036e-07 2.310e-07 5.170e-07 5.376e-07 1.175e-09 6.110e-08 2.419e-08
2.079e+00 7.557e-06 1.110e-05 1.406e-05 1.325e-06 1.204e-06 4.560e-07 2.334e-07 4.462e-07 4.520e-07 1.550e-09 5.361e-08 2.190e-08
2.667e+00 7.589e-06 9.747e-06 1.232e-05 1.427e-06 1.513e-06 6.431e-07 2.372e-07 3.828e-07 3.946e-07 1.798e-09 5.159e-08 2.010e-08
3.405e+00 7.630e-06 8.778e-06 1.089e-05 1.710e-06 2.227e-06 9.723e-07 2.445e-07 3.238e-07 3.516e-07 1.101e-09 7.990e-08 1.466e-08
4.325e+00 7.666e-06 8.191e-06 9.707e-06 1.939e-06 2.159e-06 1.181e-06 2.505e-07 3.033e-07 3.209e-07 1.528e-09 6.638e-08 3.630e-08
5.465e+00 7.686e-06 7.758e-06 8.770e-06 2.104e-06 2.256e-06 1.394e-06 2.554e-07 2.892e-07 2.969e-07 1.657e-09 1.027e-07 2.470e-08
6.873e+00 7.687e-06 7.489e-06 7.900e-06 2.200e-06 2.331e-06 1.624e-06 2.600e-07 2.813e-07 2.830e-07 1.881e-09 3.515e-08 1.559e-08
8.600e+00 7.682e-06 7.303e-06 7.465e-06 2.237e-06 2.298e-06 1.748e-06 2.630e-07 2.753e-07 2.757e-07 1.992e-09 3.356e-08 1.110e-08
1.071e+01 7.671e-06 7.169e-06 7.324e-06 2.151e-06 2.160e-06 1.677e-06 2.649e-07 2.712e-07 2.725e-07 2.091e-09 2.526e-08 1.052e-08
1.326e+01 7.679e-06 7.052e-06 7.232e-06 2.065e-06 2.037e-06 1.584e-06 2.665e-07 2.691e-07 2.712e-07 2.081e-09 1.470e-08 1.066e-08
1.635e+01 7.690e-06 6.930e-06 7.162e-06 1.968e-06 1.934e-06 1.519e-06 2.678e-07 2.684e-07 2.705e-07 1.947e-09 6.423e-09 9.569e-09
2.006e+01 7.715e-06 6.823e-06 7.096e-06 1.893e-06 1.816e-06 1.473e-06 2.684e-07 2.685e-07 2.702e-07 1.922e-09 3.015e-09 1.078e-08
2.448e+01 7.726e-06 6.765e-06 7.059e-06 1.829e-06 1.737e-06 1.508e-06 2.689e-07 2.689e-07 2.699e-07 2.023e-09 2.372e-09 1.522e-08
2.973e+01 7.748e-06 6.852e-06 7.084e-06 1.720e-06 1.654e-06 1.530e-06 2.696e-07 2.699e-07 2.700e-07 2.128e-09 2.146e-09 1.360e-08
3.592e+01 7.858e-06 7.008e-06 7.153e-06 1.626e-06 1.559e-06 1.518e-06 2.704e-07 2.706e-07 2.703e-07 2.331e-09 2.090e-09 1.278e-08
4.319e+01 7.879e-06 7.142e-06 7.268e-06 1.490e-06 1.450e-06 1.468e-06 2.714e-07 2.714e-07 2.709e-07 2.582e-09 2.088e-09 9.534e-09
5.168e+01 8.012e-06 7.257e-06 7.481e-06 1.262e-06 1.341e-06 1.350e-06 2.729e-07 2.723e-07 2.719e-07 2.479e-09 2.150e-09 5.224e-09
6.152e+01 8.144e-06 7.461e-06 7.819e-06 1.056e-06 1.210e-06 1.189e-06 2.743e-07 2.733e-07 2.732e-07 2.376e-09 2.141e-09 3.330e-09
7.287e+01 8.216e-06 7.910e-06 8.324e-06 9.223e-07 9.981e-07 1.027e-06 2.751e-07 2.746e-07 2.743e-07 2.297e-09 2.083e-09 2.565e-09
8.566e+01 8.272e-06 1.024e-05 1.030e-05 7.289e-07 3.838e-07 4.221e-07 2.763e-07 2.782e-07 2.777e-07 1.825e-09 1.101e-09 1.065e-09
1.005e+02 8.293e-06 1.561e-05 1.213e-05 6.528e-07 1.300e-07 1.067e-07 2.767e-07 2.795e-07 2.794e-07 7.553e-10 3.680e-10 2.296e-10
1.183e+02 8.536e-06 2.440e-05 1.785e-05 3.739e-07 8.248e-08 4.977e-08 2.784e-07 2.798e-07 2.797e-07 3.254e-10 1.919e-10 8.231e-11
1.391e+02 9.620e-06 5.035e-05 2.959e-05 9.946e-08 6.224e-08 3.537e-08 2.799e-07 2.800e-07 2.798e-07 1.935e-10 1.160e-10 4.484e-11
1.637e+02 1.581e-05 9.740e-05 5.733e-05 3.931e-08 5.091e-08 3.064e-08 2.802e-07 2.800e-07 2.799e-07 1.053e-10 8.194e-11 3.283e-11
1.925e+02 2.926e-05 1.951e-04 1.139e-04 2.713e-08 4.523e-08 2.881e-08 2.803e-07 2.801e-07 2.800e-07 5.613e-11 6.409e-11 2.787e-11
2.265e+02 6.776e-05 3.001e-04 2.101e-04 2.355e-08 4.733e-08 2.791e-08 2.803e-07 2.801e-07 2.800e-07 3.417e-11 6.995e-11 2.627e-11
2.665e+02 1.400e-04 4.521e-04 3.396e-04 2.218e-08 5.171e-08 2.789e-08 2.803e-07 2.800e-07 2.800e-07 2.330e-11 8.387e-11 2.804e-11
3.135e+02 2.728e-04 6.920e-04 5.148e-04 2.064e-08 4.765e-08 2.777e-08 2.803e-07 2.799e-07 2.800e-07 1.857e-11 7.970e-11 3.108e-11
3.688e+02 3.905e-04 1.065e-03 8.041e-04 1.979e-08 4.411e-08 2.765e-08 2.803e-07 2.799e-07 2.799e-07 1.998e-11 8.110e-11 3.568e-11
4.339e+02 5.196e-04 1.797e-03 1.334e-03 1.974e-08 4.208e-08 2.724e-08 2.802e-07 2.799e-07 2.799e-07 2.201e-11 8.765e-11 4.153e-11
5.105e+02 8.373e-04 3.042e-03 2.070e-03 2.014e-08 3.810e-08 2.644e-08 2.802e-07 2.797e-07 2.798e-07 2.041e-11 7.522e-11 4.347e-11
6.005e+02 1.413e-03 4.526e-03 3.084e-03 2.084e-08 3.346e-08 2.536e-08 2.801e-07 2.795e-07 2.797e-07 2.109e-11 6.125e-11 4.393e-11
6.968e+02 2.261e-03 5.522e-03 4.022e-03 2.003e-08 3.154e-08 2.407e-08 2.800e-07 2.793e-07 2.796e-07 3.027e-11 5.942e-11 4.204e-11
7.877e+02 2.516e-03 6.659e-03 5.003e-03 1.847e-08 2.979e-08 2.244e-08 2.799e-07 2.791e-07 2.795e-07 3.619e-11 5.223e-11 3.088e-11
8.672e+02 3.205e-03 7.342e-03 5.772e-03 1.797e-08 2.858e-08 2.175e-08 2.799e-07 2.790e-07 2.794e-07 4.309e-11 4.454e-11 2.942e-11
9.296e+02 3.642e-03 8.065e-03 6.318e-03 1.767e-08 2.812e-08 2.152e-08 2.798e-07 2.790e-07 2.794e-07 5.383e-11 5.214e-11 3.903e-11
9.706e+02 3.920e-03 8.512e-03 6.684e-03 1.732e-08 2.739e-08 2.111e-08 2.798e-07 2.790e-07 2.794e-07 8.867e-11 8.786e-11 6.967e-11
9.926e+02 3.938e-03 8.493e-03 6.693e-03 1.691e-08 2.653e-08 2.049e-08 2.799e-07 2.790e-07 2.794e-07 1.150e-10 1.168e-10 9.171e-11
