# This data is taken from the Open Exoplanet Catalogue
# https://github.com/hannorein/open_exoplanet_catalogue
#
# The data included below is a subset of the full dataset, and includes 
# ONLY those systems which contain non-null entries for the five quantities below
#
# Columns:
#
#  1: Planetary mass [Jupiter Masses]  
#  2: Radius [Jupiter radii]
#  3: Period[days] 
#  4: Discovery method
#  5: Discovery year
#
0.0014 0.054 0.1768913 transit 2012
0.25 0.84 19.22418 transit 2010
0.17 0.82 39.03106 transit 2010
0.022 0.147 1.592851 transit 2010
0.6 1.24 3.372650 transit 2016
1.24 1.67 2.705782 transit 2013
0.0195 0.2525 1.58040417 transit 2009
0.050740 0.219624 16.0920 transit 2014
0.025952 0.076549 25.5169 transit 2014
0.088 0.44 11.759 transit 2014
0.892 1.284 2.6755463 transit 2014
1.78 1.35 2.995607 transit 2016
0.161 0.515 3.4876812 transit 2014
0.672 1.194 3.1810781 transit 2016
0.68 1.72 3.10129 transit 2004
0.00409 0.10298 15.090 transit 2013
0.00472 0.10298 22.804 transit 2013
0.46 1.045 3.722469 transit 2008
1.98 1.337 0.8378434 transit 2016
2.75 1.415 0.9689951 transit 2016
0.57 1.39 4.411953 transit 2011
7.341 1.281 2.2437661 transit 2008
0.18 1.37 4.178062 transit 2016
4.87 1.120 52.50097 transit 2014
0.22 0.764 288.822 transit 2012
0.679 1.399 4.166286 transit 2015
0.59 1.42 3.52254 transit 2010
2.18 1.466 2.7908327 transit 2015
0.378 1.115 2.7817387 transit 2011
1.00 1.09 3.2467293 transit 2011
6.2 1.91 0.448413 transit 2012
0.034099 0.319867 2.50806 transit 2014
0.805 1.461 2.1746742 transit 2016
2.26 1.3 2.72474 transit 2011
4.59 1.438 1.21986967 transit 2010
0.66 1.40 6.24668005 transit 2013
0.27619 0.26610 17.324 transit 2013
0.20856 0.30620 33.006 transit 2013
0.500 1.407 4.3530135 transit 2008
1.90 1.30 1.4013794 transit 2015
0.505 0.96 2.455239 transit 2011
1.183 1.807 1.2749255 transit 2015
0.59 1.164 3.7130203 transit 2011
4.01 1.49 3.35 transit 2012
3.31 1.465 1.7429964 transit 2007
1.077 1.03 4.1877537 transit 2008
0.0264 0.194 10.05449 transit 2015
2.487 1.144 1.3371182 transit 2011
0.028091 0.202309 16.1457 transit 2014
0.011954 0.107534 10.3117 transit 2014
1.169 1.178 2.797436 transit 2012
2.244 1.038 8.158715 transit 2008
0.778 1.107 5.72318 transit 2011
2.44 1.44 2.2359835 transit 2016
2.86 1.13 12.8747099 transit 2015
2.147 1.08 3.21222 transit 2010
0.526 0.969 3.3128460 transit 2015
0.237 0.912 4.763387 transit 2014
2.82 1.45 5.33408384 transit 2012
0.83 1.1 2.9626400 transit 2013
0.494 1.838 3.55392771 transit 2007
3.191 1.095 21.2163979 transit 2007
0.478 1.537 3.405909 transit 2010
0.884 0.962 2.9444256 transit 2010
0.52 1.26 4.20474 transit 2013
2.18 1.385 1.6827950 transit 2014
0.88 1.64 3.37796 transit 2016
0.72 1.32 3.161575 transit 2011
5 0.7 166510 imaging 2008
7 1.0 83255 imaging 2008
7 1.1 41628 imaging 2008
7 1.0 20816 imaging 2010
1.832 1.264 1.327 transit 2012
0.66 0.96 4.942782 transit 2011
1.057 1.33 3.853003 transit 2007
0.036805 0.165857 4.75400 transit 2014
0.02152 0.2114 10.57375339 transit 2015
0.62 1.02 3.039577 transit 2011
0.014184 0.328069 10.33 transit 2012
0.012579 0.26427 13.2907 transit 2012
3.25 0.882 125.63243 transit 2015
2.03 1.69 2.849375 transit 2013
0.818 1.009 2.7535953 transit 2015
0.975 1.277 4.641876 transit 2013
0.53 1.17 5.35227 transit 2010
1.47 1.15 1.955096 transit 2011
0.624 1.259 2.709813 transit 2016
0.714 1.38 3.52474859 transit 1999
3.23 1.22 3.02409309 transit 2011
1.410 1.01 2.21672 transit 2012
1.404 1.736 1.0914222 transit 2008
1.17 1.227 1.689868 transit 2004
0.700 0.975 8.5234865 transit 2013
0.011167 0.181349 1.54168 transit 2014
1.272 1.137 1.7554137 transit 2014
4.24 0.84 9.2 transit 2011
1.253 1.169 2.470613402 transit 2006
1.47 1.86 2.1605156 transit 2015
0.914 1.117 2.15222144 transit 2006
0.91 1.443 3.3190233 transit 2014
11 1.65 8167 imaging 2008
0.356 0.718 2.8758916 transit 2005
0.63 1.63 3.916243 transit 2013
0.95 1.79 5.03145 transit 2016
0.18 0.66 5.28789787 transit 2015
0.25 0.978 3.79701816 transit 2014
10.43 1.165 0.9414518 transit 2009
1.55 1.112 2.3114243 transit 2011
0.96 1.33 4.9546416 transit 2008
1.33 1.164 1.42002504 transit 2010
1.265 1.24 2.65567770 transit 2014
0.012 0.1433 3.0931 RV 2015
0.00535 0.26428 36.855 transit 2013
0.01982 0.64703 49.412 transit 2013
1.308 0.885 4.03519 transit 2010
0.452 1.72 3.9501907 transit 2014
1.32 1.13 2.072760 transit 2013
2.31 0.941 3.16062960 transit 2013
0.07046 0.20960 34.921 transit 2013
0.10286 0.49210 71.312 transit 2013
0.588 1.158 3.5327313 transit 2010
0.706 1.175 3.1743516 transit 2016
1.67 0.32 10.134588 transit 2017
0.94 1.18 3.0524040 transit 2010
0.003828 0.100243 11.8681707 transit 2012
0.012848 0.180438 17.9801235 transit 2012
0.763 1.827 3.474474 transit 2011
0.005096 0.105711 1.628930 transit 2015
0.672 0.916 2.838971 transit 2011
0.46 1.27 1.7497798 transit 2011
3.27 1.30 2.686502 transit 2015
0.427 1.66 4.569673 transit 2016
2.69 1.21 3.310651 transit 2016
2.96 1.166 8.886593 transit 2009
0.613 1.26 4.2986432 transit 2016
2.5 1.2 3.3 transit 2011
0.015963 0.155832 7.81254 transit 2012
0.026041 0.1977527 9.37647 transit 2012
1.03 0.89 3.3118644 transit 2014
7.6 1.09 1.51214 transit 2010
1.07 1.270 2.484193 transit 2013
0.91 1.443 3.329441 transit 2015
0.0231 0.120292 6.88705 transit 2014
0.019975 0.130316 2.42629 transit 2014
0.008525 0.077461 4.62332 transit 2014
0.636 1.653 3.6936411 transit 2011
2.101 1.31 1.43037 transit 2011
1.696 1.136 3.577471 transit 2010
0.44 1.62 4.885525 transit 2010
2.2 1.2 4.627657 transit 2010
0.0850 0.3426 19.3044 transit 2015
0.006197 0.109083 13.7813 transit 2014
0.002013 0.110450 23.0881 transit 2014
0.000208 0.047570 10.3126 transit 2014
0.43 1.15 7.8914483 transit 2014
0.023754977 0.213245 9.4903 transit 2010
0.56 1.7 4.954000 transit 2013
0.101 0.38 10.13675 transit 2016
0.333 0.7538 228.776 transit 2011
0.442 1.18 7.845582 transit 2013
4.193 1.190 2.7759712 transit 2010
0.597 0.973 2.61585922 transit 2007
0.54 1.077 4.01451 transit 2004
0.854 1.483 2.5199464 transit 2006
0.019503 0.561818 240.503 transit 2014
0.92 1.83 1.809886 transit 2013
0.059 0.565 4.234516 transit 2010
2.06 1.454 1.8468372 transit 2007
0.685 1.242 3.35524 transit 2010
0.0151 0.15 0.853585 transit 2009
30 1.3 8686 imaging 2010
0.92 1.327 2.9776410 transit 2015
0.85 1.28 2.916243 transit 2009
0.941 1.43 2.1061607 transit 2016
0.67 1.30 3.234723 transit 2010
1.462 1.358 2.703390 transit 2012
1.222 1.464 1.8209933 transit 2016
0.73 1.19 3.2588321 transit 2016
3.6 0.451 5.42513 transit 2016
1.31 1.525 3.0801716 transit 2016
0.29 1.23 10.2909940 transit 2014
0.599 1.571 3.54387 transit 2012
2.5 0.964 69.7546 transit 2015
2.8 1.05 3.6314 transit 2011
0.503 1.224 3.361006 transit 2008
0.210762 0.396143 66.262 transit 2014
1.168 1.386 0.78884 transit 2009
10.1 1.05 8.8849116 transit 2013
0.484 0.955 5.20851 transit 2015
0.67 1.4 3.922814 transit 2008
0.30 1.04 4.971252 transit 2014
2.74 0.953 4.7228124 transit 2016
0.534 1.01 10.338523 transit 2010
2.44 1.487 1.3484954 transit 2016
0.5 1.41 3.585722 transit 2013
0.005977 0.164035 10.3039 transit 2011
0.009028 0.261544 13.0241 transit 2011
0.022964 0.283415 22.6845 transit 2011
0.025166 0.380925 31.9996 transit 2011
0.006291 0.226003 46.6888 transit 2011
1.23 1.4 2.49979 transit 2016
0.015079 0.195019 4.7779803 transit 2012
0.033219 0.286149 9.6739283 transit 2012
0.024945 0.185906 42.8961 transit 2014
1.13 1.21 2.1846730 transit 2013
1.484 1.318 1.9616241 transit 2015
0.43 0.96 3.5787087 transit 2013
1.323 1.020 2.516729 transit 2014
1.338 0.777 16.254611 transit 2015
1.138 1.697 3.547849 transit 2013
0.892 1.426 3.128992 transit 2013
0.0129 0.196 7.1320 transit 2012
0.0151 0.212 8.9177 transit 2012
0.0120 0.232382 11.903 transit 2012
3.06 1.08 3.0927616 transit 2008
1.12 1.363 1.0187068 RV 2014
1.47 1.603 0.925542 transit 2014
11.79 1.217 3.1915239 transit 2007
0.85 1.51 3.6191613 transit 2016
1.054 1.332 3.6467 transit 2012
1.06 1.252 2.788491 transit 2007
0.500 1.080 4.9816872 transit 2011
0.90 1.70 3.6623817 transit 2012
2.47 1.33 1.4857108 transit 2011
1.032 1.104 2.3412083 transit 2010
0.514 0.86 4.3050011 transit 2011
1.3 1.2 1.211909 transit 2002
0.821 0.632 5.031555 transit 2016
0.486 1.991 3.735438 transit 2009
1.02 1.20 114.7309 transit 2013
0.020132 0.559540 192.363 transit 2013
0.319 0.998 3.3252725 transit 2014
1.925 1.085 9.289715 transit 2014
0.9 1.184 3.9415128 transit 2006
0.95 1.56 2.137750 transit 2014
0.869 1.002 2.4238133 transit 2011
9.7 1.13 1.796 transit 2006
0.907 1.213 3.4088300 transit 2010
0.41 0.87 7.133521 transit 2016
0.037182 0.230560 9.1205 transit 2014
0.626 1.212 3.257215 transit 2011
2.78 1.1 5.75251 transit 2013
0.48 1.2 3.4252602 transit 2013
0.27 1.22 5.322023 transit 2016
0.57 1.3 4.465633 transit 2011
0.855 1.008 3.1186009 transit 2009
1.350 1.288 3.1220109 transit 2015
9.28 1.51 1.76358799 transit 2011
0.542 1.428 3.7520656 transit 2008
1.275 1.321 3.0763402 transit 2008
7.246 0.867 2.875317 transit 2010
0.543 1.212 3.0440499 transit 2015
0.040894 0.311666 11.5231 transit 2014
0.010475 0.133962 0.8374907 transit 2011
0.054106 0.214156 45.294301 transit 2011
0.138 0.873 3.583893 transit 2015
0.59 1.22 4.3176782 transit 2010
0.85 0.90 2.850570 transit 2015
1.1215 1.363 1.33823187 transit 2007
0.761 1.099 3.0300722 transit 2004
0.127 0.728 131.458 transit 2012
0.276 1.162 4.3225186 transit 2010
1.615 1.615 4.1250707 transit 2008
0.0727 0.3767 2.643850 transit 2004
0.0008807961 0.06014599 1.3658 transit 2012
0.38 1.43 4.37809 transit 2011
0.0066 0.633 45.1540 transit 2012
0.0126 0.803 85.312 transit 2012
0.0239 0.865 130.194 transit 2014
0.34 1.09 3.21751883 transit 2014
0.011041 0.134873 2.58664 transit 2014
1.91 1.305 1.30618608 transit 2007
0.0695 0.581 10.51057 transit 2012
0.569 0.874 21.40239 transit 2012
0.014483 0.14672 7.125939 transit 2014
19.1 1.11 21.087212 transit 2011
4.20 1.97 217.8317626 transit 2015
0.514 1.44 4.0460435 transit 2016
0.309 1.293 4.2180278 transit 2015
0.43 1.75 4.4379637 transit 2011
0.95 1.24 5.084298 transit 2011
0.68 1.27 3.0565114 transit 2007
0.867 1.86 3.24406 transit 2015
1.271 1.271 1.57329 transit 2011
0.244 0.792 3.922727 transit 2010
0.84 1.05 95.2738 transit 2010
0.195 1.37 4.736529 transit 2016
1.769 1.339 1.5487743 transit 2016
0.005882 0.109356 0.35500744 transit 2013
0.066 0.520 20.88508 transit 2015
0.0850 0.723 42.36342 transit 2015
0.04320 0.346 3.3366487 transit 2012
0.0254 0.1746 0.7365515 transit 2004
0.027 0.17 3.6961219 transit 2011
0.051 0.27 10.854092 transit 2011
0.06 0.25 77.61185 transit 2011
8.74 0.951 5.6334729 transit 2007
0.267 0.825 4.640382 transit 2012
8.4 1.136 6.790123 transit 2011
0.475 1.409 4.54216874538 transit 2016
0.023403 0.29162 10.416 transit 2013
0.011468 0.25516 13.084 transit 2013
1.07 1.04 2.766764 transit 2015
2.17 1.105 1.74748753 transit 2015
0.0126 0.1319 4.72673978 transit 2014
2.71 1.09 6.87188 transit 2010
0.88 1.191 3.0353992 transit 2014
0.53 1.5 4.637038 transit 2016
1.855 1.302 3.446459 transit 2012
0.84 1.53 2.052868 transit 2016
1.16 1.75 2.17517656 transit 2012
0.27 1.08 4.86069 transit 2013
1.345 1.168 1.354133 transit 2013
0.711 1.340 2.810595 transit 2011
2.32 1.39 4.086052 transit 2011
0.72 1.19 9.20205 transit 2008
10.39 1.007 3.57532 transit 2014
0.567 1.19 3.652836 transit 2010
1.06 1.47 3.9791 transit 2007
0.032841 0.227826 13.5708 transit 2014
0.035137 0.233294 43.8445 transit 2014
20 0.92 7340 imaging 2010
1.778 1.209 1.4822446 transit 2011
0.28 1.27 4.055259 transit 2011
2.82 1.45 5.33408384 transit 2012
1.23 0.89 11.55098 transit 2016
1.520 1.059320 1107.5923 transit 2015
1.88 1.16 4.08722 transit 2013
0.015814 0.199575 5.7293196 transit 2012
0.007759 0.141252 11.6092567 transit 2012
0.56 1.04 1.85555820 RV 2011
0.89 1.37 5.017180 transit 2011
0.313 1.458 4.8996285 transit 2011
1.26 1.051 1.43247506 transit 2004
0.023 0.192 34.5450 transit 2014
0.013 0.239 66.0634 transit 2014
0.415 1.034 125.8518 transit 2014
0.002674 0.098967 1.51087081 transit 2016
0.004341 0.096234 2.4218233 transit 2016
0.001290 0.070353 4.049610 transit 2017
0.001950 0.083658 6.099615 transit 2017
0.002139 0.095231 9.206690 transit 2017
0.004215 0.102704 12.35294 transit 2017
0.941 2.037 2.150009 transit 2011
0.524 1.217 4.4652934 transit 2006
0.211 0.959 3.2130598 transit 2009
0.019346 0.134873 4.60358 transit 2014
0.615 1.730 4.457243 transit 2012
3.47 1.31 1.9000693 transit 2011
2.75 0.97 13.2406 transit 2010
0.09156 0.3970 6.77145 transit 2015
0.0500 0.434 11.90715 transit 2015
0.138 0.691 7.91940 transit 2015
0.117 0.8 5.924262 transit 2016
1.028 1.281 2.7566004 transit 2010
0.510 1.238 3.7783977 transit 2014
0.2755 1.021 10.02165 transit 2014
2.034 1.036 0.81347753 transit 2011
0.206 1.313 4.732182 transit 2016
1.47 1.597 2.7325321 transit 2016
2.20 0.95 141.24164672 transit 2015
2.49 1.39 2.994325 transit 2010
0.0014 0.068 0.2401 imaging 2011
0.0021 0.078 0.34289 imaging 2011
0.120 0.563 3.1853150 transit 2015
1.138 1.138 2.21857312 transit 2005
0.554 0.952 3.0678504 transit 2013
0.00252 0.2916 13.17562 transit 2012
0.01478 0.487547 21.77596 transit 2012
0.02108 0.366343 31.78440 transit 2012
0.03618 0.406441 41.02902 transit 2012
2.171 1.07 5.005425 transit 2011
0.837 1.065 1.9153073 transit 2015
1 0.93 5.748145 transit 2016
0.624 1.196 4.098507 transit 2016
0.035546 0.355 29.334 transit 2012
2.013248 1.120903 60.3251 transit 2012
0.072666 0.801947 143.213 transit 2012
0.081 0.452 4.887804 transit 2009
1.164 1.139 4.1591287 transit 2011
0.0384 0.1631 0.789597 transit 2015
0.0328 0.324 9.03081 transit 2015
0.0383853003178 0.435365216104 9.75598 transit 2014
1.45 0.94 86.647661 transit 2014
0.0330298 0.1558328 3.743208 transit 2012
0.04907293 0.39368287 10.423648 transit 2012
0.33 1.00 22.3429890 transit 2012
0.11009952 0.59781473 54.32031 transit 2012
0.660 1.283 3.332688 transit 2013
1.007 1.16 3.1260876 transit 2011
3.94 0.921 111.4273 RV 2001
1.84 1.101 50.790391 transit 2014
0.094 0.719 18.7959228 transit 2014
0.0055264 0.37647 10.9542 transit 2013
0.273 0.776 3.7992969 transit 2016
0.016097 0.26792 12.282972 transit 2014
0.019492 0.26792 17.251204 transit 2014
1.27 1.08 3.52563254 transit 2014
21.66 1.01 4.25680 transit 2008
2.242 1.46 2.9036747 transit 2012
0.13 0.66 74.920137 transit 2014
0.01346359 0.13778 13.83988 transit 2012
0.02541726 0.33526835 16.23855 transit 2012
0.653 1.251 4.6058749 transit 2016
0.58 1.26 3.76483 transit 2010
0.0963 0.22236 13.726976 transit 2014
0.027 0.139 9.34149 transit 2014
0.576 1.045 3.9516205 RV 2016
0.595 1.192 2.68432850 transit 2014
0.467 1.388 4.0378962 transit 2008
0.26 1.057 3.8681382 transit 2011
0.65 1.75 3.3023881 transit 2016
0.0217 0.179 3.504725 transit 2011
0.054 0.49 7.64159 transit 2011
0.052 0.62 14.85888 transit 2011
0.292 1.109 4.0087844 transit 2010
0.0378 0.138 4.01593 transit 2015
0.031 0.216 10.56103 transit 2015
0.077 0.357 3.21346 transit 2010
1.28 1.533 2.7347749 transit 2015
0.92 1.249 2.8126548 transit 2016
1.16 1.21 2.176423 transit 2016
1.709 1.4588 2.204737 transit 2008
0.591 0.827 2.899703 transit 2007
0.917 1.44 2.828042 transit 2010
0.196 0.947 5.507978 transit 2010
1.11 1.45 3.89713 transit 2011
1.37 1.65 7.79430132 transit 2015
1.83 1.442 2.3109650 transit 2014
0.63 0.96 7.340711 transit 2012
0.863 0.775 7.919585 transit 2011
0.28 0.96 3.28880 transit 2016
2.114 1.431 3.548460 transit 2010
1.76 1.21 1.3600309 transit 2012
1.192 1.23 2.5495551 transit 2016
0.168 1.131 4.40865 transit 2016
0.571 1.092 4.617101 transit 2011
1.03 1.49 1.5089557 transit 2007
0.026 0.206 5.398763 transit 2013
0.015 0.0850 9.605085 transit 2013
5.01 1.515 3.6112706 transit 2015
1.52 1.06 1107.5923 transit 2015
2.01 1.36 1.54492875 transit 2013
2.45 1.02 3.768125 transit 2010
1.51 1.38 5.215357 transit 2016
0.81 0.89 3.91405 transit 2007
0.84 1.99 8.6001536 transit 2012
3.60 1.19 2.718659 transit 2010
30 0.97 4640 imaging 2010
1.946 1.072 10.863502 transit 2010
2.2 1.17 6.87349 transit 2010
0.332 1.123 3.5543973 transit 2016
2.06 1.24 3.8559 transit 2011
5.9 1.04 3.3564227 transit 2014
2.279 1.269 1.5373653 transit 2010
0.42 1.4 4.61442 transit 2011
0.84 1.99 8.6001536 transit 2012
2 1 15000 imaging 2015
1.524 1.290 4.1137913 transit 2012
0.902 1.699 2.9895936 transit 2015
4.34 1.614 2.4855335 transit 2007
0.800 1.685 2.69404 transit 2012
0.98 1.67 2.143634 transit 2011
1.637 1.171 1.6284246 transit 2007
2.4 1.35 3.142833 transit 2016
2.09 1.368 1.212884 transit 2010
0.939 1.325 1.720861232 transit 2014
0.75 1.26 3.67724 transit 2007
0.22 0.57 6.21229 transit 2010
1.372 1.972 1.7100567 transit 2015
4.063 1.024 4.124461 transit 2010
3.328 1.197 5.4527 transit 2012
