1.000000000000000000e+00 1.000000000000000000e+00 8.812125511893290630e-01 7.768048621854923841e-01 6.286159590364570613e+04 2.068672179183908208e-02
1.000000000000000000e+00 1.000000000000000000e+00 1.770393601937592543e+00 1.343424253651528621e+00 1.471451575280289580e+04 4.706946914397634463e-01
1.000000000000000000e+00 0.000000000000000000e+00 9.928011995782989318e-01 5.669016499959258493e-01 2.505243759135526852e+04 8.244161167460229978e-01
1.000000000000000000e+00 1.000000000000000000e+00 2.561172864970682195e+00 1.564923216467034139e+00 1.522502365029406974e+04 5.572902083276982665e-01
1.000000000000000000e+00 1.000000000000000000e+00 3.527992892649483458e+00 1.024889050077365305e+00 8.829078313339366559e+02 5.329849290092684155e-01
1.000000000000000000e+00 1.000000000000000000e+00 1.780738001334946530e+00 8.294664892057908023e-01 1.113931141350580765e+04 2.213066131401627556e-01
1.000000000000000000e+00 1.000000000000000000e+00 7.325697785904863757e+00 4.406645331300131474e+00 6.141429236500295019e+01 6.363313855394490126e-01
0.000000000000000000e+00 0.000000000000000000e+00 5.793442819084204665e-01 5.622374538305268121e-01 2.646018926477166588e+03 2.284641315356926161e-01
1.000000000000000000e+00 1.000000000000000000e+00 4.538256521335414462e+00 1.925081525053902842e+00 3.703779266497654589e+03 8.277069513616758245e-01
1.000000000000000000e+00 1.000000000000000000e+00 1.885661475518430885e+00 1.691593512292508095e+00 3.647246592516072560e+05 4.769864265459893699e-02
1.000000000000000000e+00 0.000000000000000000e+00 1.228037701673625026e+00 6.153533228748786499e-01 6.761164185828139307e+05 2.632350978643051009e-01
1.000000000000000000e+00 1.000000000000000000e+00 2.512632468608962277e+00 2.125757463941989389e+00 1.058830400755693554e+05 8.934184239976188380e-01
1.000000000000000000e+00 1.000000000000000000e+00 9.987689712413477139e+00 5.602163150328877350e+00 2.871528276531112738e+02 4.925498297498507316e-01
1.000000000000000000e+00 1.000000000000000000e+00 7.031684143733750725e-01 7.004746614537775695e-01 1.587203545825275569e+03 1.369789835328687755e-01
1.000000000000000000e+00 1.000000000000000000e+00 7.463601612298815802e+00 8.526833621230905935e-01 1.067708966303314955e+05 5.227760143938979809e-01
1.000000000000000000e+00 1.000000000000000000e+00 3.508412187685412853e+00 2.749824493670173453e+00 1.037272423291055384e+04 3.799483918870746324e-01
1.000000000000000000e+00 1.000000000000000000e+00 4.114386231313838849e+00 1.755668941784397141e+00 8.822064919417101191e+04 6.651856016102484226e-01
0.000000000000000000e+00 0.000000000000000000e+00 6.573208908713753518e-01 5.960791103848996908e-01 4.309530225005080138e+04 8.404076312316671737e-01
1.000000000000000000e+00 1.000000000000000000e+00 8.020083522765704132e+00 3.068293823793006858e+00 1.395140820913835711e+01 4.658299961981083315e-01
1.000000000000000000e+00 1.000000000000000000e+00 2.131510398014706453e+01 1.824025184681194034e+01 2.223284144683482282e+02 7.346744133666319732e-01
1.000000000000000000e+00 1.000000000000000000e+00 1.721902622768696212e+00 1.203863373159171912e+00 2.889890579192100558e+05 5.631934183985676245e-01
0.000000000000000000e+00 0.000000000000000000e+00 5.567544100680625885e-01 5.440031072762685493e-01 2.556441280646348787e+03 8.013405037441807544e-01
1.000000000000000000e+00 0.000000000000000000e+00 1.048242356528438002e+00 6.987089484923723059e-01 1.901704728239992401e+05 2.614189253061162677e-01
1.000000000000000000e+00 1.000000000000000000e+00 2.414553550294449291e+00 1.871426128000441835e+00 6.932793956008264331e+02 1.061029443984954357e-01
1.000000000000000000e+00 1.000000000000000000e+00 9.683944048175023855e-01 7.715047570688111644e-01 8.734727725987089798e+03 3.070177823949030715e-01
1.000000000000000000e+00 0.000000000000000000e+00 9.896132369099852610e-01 5.030681079669919731e-01 2.189029924335280874e+00 4.154432046395544094e-03
1.000000000000000000e+00 1.000000000000000000e+00 1.885347503198100627e+00 9.494978318511724247e-01 2.848674001122268965e+05 6.126512732554797447e-01
1.000000000000000000e+00 1.000000000000000000e+00 6.878742100902257128e+00 1.311184142338148728e+00 3.358701001795457614e+03 3.334515853876194869e-01
1.000000000000000000e+00 1.000000000000000000e+00 2.845058733720634780e+00 9.864403110922312923e-01 2.890370687611739850e+05 2.774463548593142370e-01
1.000000000000000000e+00 1.000000000000000000e+00 2.601366733373526419e+00 2.551511963235240099e+00 6.102021212865026634e+00 2.370834938475043646e-02
1.000000000000000000e+00 1.000000000000000000e+00 1.896327168721389844e+00 7.199709948556147765e-01 7.658009998767853155e+00 9.198354440090120154e-02
1.000000000000000000e+00 1.000000000000000000e+00 2.608764119067239484e+00 1.632327995812715482e+00 1.534846912418815773e+06 8.063243149541248211e-01
1.000000000000000000e+00 1.000000000000000000e+00 2.987443004791965251e+01 1.097267805546953667e+01 1.796567485399164354e+01 5.793548139127390195e-01
1.000000000000000000e+00 1.000000000000000000e+00 9.286602413761338992e-01 8.962307434445143661e-01 1.021136760694592567e+03 4.514675946929995187e-01
1.000000000000000000e+00 1.000000000000000000e+00 1.054207907676942213e+01 5.727810775005349520e+00 2.702723046494676851e+01 7.285247556817326942e-01
1.000000000000000000e+00 1.000000000000000000e+00 9.054140054814582284e-01 8.668883342813943349e-01 6.089045074604350142e+06 1.277695388721668823e-01
1.000000000000000000e+00 1.000000000000000000e+00 1.581961518930774524e+01 1.276458768501716001e+01 8.311669951723665406e+00 2.739993357843509281e-01
1.000000000000000000e+00 0.000000000000000000e+00 1.083024959455367142e+00 5.124093446621915682e-01 3.343155904391008895e+06 6.850140463574082572e-01
1.000000000000000000e+00 0.000000000000000000e+00 9.062938227776626832e-01 5.482341639449577197e-01 2.461697061461033627e+03 7.231102627653172021e-01
1.000000000000000000e+00 1.000000000000000000e+00 3.567567024265287490e+00 3.311160125912722574e+00 5.206281232725778864e+03 6.484515744046012165e-01
0.000000000000000000e+00 0.000000000000000000e+00 6.637404452950089739e-01 5.596464777742842234e-01 8.753555613362577787e+02 3.496213308660620633e-01
1.000000000000000000e+00 1.000000000000000000e+00 6.740595604740954094e+00 1.295349616682532012e+00 8.549122480914078324e+02 8.277489341890352792e-01
1.000000000000000000e+00 1.000000000000000000e+00 4.004561849066305967e+00 3.146630540096802431e+00 1.364160332704300913e+02 7.583137129063460824e-01
1.000000000000000000e+00 1.000000000000000000e+00 4.780450231038661180e+00 1.638168785757126988e+00 4.728224688860342139e+05 3.395937075206603706e-01
1.000000000000000000e+00 1.000000000000000000e+00 8.201756551425951614e+00 5.120119572321623735e+00 2.604368511037771228e+00 1.042154751197767043e-01
1.000000000000000000e+00 0.000000000000000000e+00 1.675725441871077859e+00 6.864532417743599568e-01 7.097111082008793019e+06 3.738312961667444867e-01
1.000000000000000000e+00 1.000000000000000000e+00 1.844253647366444371e+00 1.158944664433532612e+00 4.183422510689360024e+03 6.272682357716761192e-01
1.000000000000000000e+00 1.000000000000000000e+00 7.680343911250158140e-01 7.440578016392036531e-01 1.046044069788195338e+04 6.994236620151751405e-01
1.000000000000000000e+00 1.000000000000000000e+00 4.341764396126119863e+00 1.889303289690121623e+00 9.557548227514045891e+01 7.383303683740627399e-01
1.000000000000000000e+00 1.000000000000000000e+00 4.125636386091215968e+00 1.194509911591153495e+00 5.256160316552177392e+02 6.532531617721701878e-01
1.000000000000000000e+00 1.000000000000000000e+00 4.177752136949680839e+00 2.032732323980042555e+00 1.445972517049242612e+01 4.253423370087678901e-01
1.000000000000000000e+00 1.000000000000000000e+00 1.347934208537822975e+00 1.255005079864469852e+00 5.984815817504198094e+03 6.807411216536428666e-01
1.000000000000000000e+00 1.000000000000000000e+00 6.397121983076745266e+01 2.620748405572587814e+01 1.918241225889963264e+00 3.194359462483827017e-02
1.000000000000000000e+00 1.000000000000000000e+00 1.435454040991525959e+00 7.137737550079276128e-01 1.060513939268511534e+07 4.193285179937923934e-01
1.000000000000000000e+00 1.000000000000000000e+00 3.562781588784381892e+00 1.181338397630093517e+00 1.510286081592787814e+05 7.730991139429117531e-01
1.000000000000000000e+00 1.000000000000000000e+00 8.270277401988192167e+00 3.529440919832496082e+00 1.073430472314865547e+01 4.784074892082568198e-01
1.000000000000000000e+00 1.000000000000000000e+00 1.427574832996493370e+01 6.507690566829459122e+00 2.064585194834698996e+03 6.389736091755806591e-01
1.000000000000000000e+00 0.000000000000000000e+00 8.316658564072962889e-01 5.823639909512922097e-01 6.357482660928706639e+06 6.766861675991171499e-01
1.000000000000000000e+00 1.000000000000000000e+00 1.151569062451520509e+01 7.880969260717429314e+00 1.927490105838461022e+05 3.794980594613919789e-01
1.000000000000000000e+00 1.000000000000000000e+00 2.031697575725359250e+00 1.028719577388606199e+00 5.992984901768025756e+07 6.378334619005007200e-01
1.000000000000000000e+00 1.000000000000000000e+00 3.576653034015360166e+00 8.359865066588170190e-01 1.454028943115357542e+06 9.028879207422872977e-01
1.000000000000000000e+00 1.000000000000000000e+00 6.647142046334728605e+00 1.057272964467784071e+00 7.641964261070395992e+01 2.574684625998824861e-01
1.000000000000000000e+00 0.000000000000000000e+00 8.718077430290376295e-01 5.371911268131325246e-01 4.461979843785029765e+00 5.204071993820280628e-03
1.000000000000000000e+00 1.000000000000000000e+00 3.335006513259044514e+00 1.082906721970886332e+00 3.255917969665683922e+05 2.010155130082476593e-01
1.000000000000000000e+00 0.000000000000000000e+00 9.737413158282053338e-01 5.441623447614545306e-01 6.566951617501752917e+05 9.227400460111724323e-01
1.000000000000000000e+00 1.000000000000000000e+00 2.146061148476203773e+00 8.786190701429832384e-01 3.166248819506422478e+03 4.277467119388580485e-01
1.000000000000000000e+00 0.000000000000000000e+00 2.566892887230988851e+00 5.923597301712557606e-01 2.175214839478564500e+03 1.834445233937972985e-01
1.000000000000000000e+00 1.000000000000000000e+00 1.957690685479833048e+00 8.341201818527594902e-01 9.122016573617356698e+03 7.262701821605336283e-01
1.000000000000000000e+00 1.000000000000000000e+00 1.051393835778913655e+00 9.550707714846956575e-01 5.023921067122364911e+04 5.521262053834110617e-01
1.000000000000000000e+00 1.000000000000000000e+00 9.788986452783039471e-01 7.624133423297547729e-01 4.981658798592727544e+04 5.893854597965202391e-01
1.000000000000000000e+00 1.000000000000000000e+00 2.004940248744117781e+01 1.179014687088924696e+01 3.953958350015340528e+01 4.804206677304893591e-01
1.000000000000000000e+00 0.000000000000000000e+00 9.568810219137385831e-01 5.234415293498179134e-01 1.032088431015758715e+03 5.864084457575224896e-01
1.000000000000000000e+00 1.000000000000000000e+00 3.465734910480709630e+01 8.562535341982211889e+00 4.606177244610809794e+03 6.941584781403398186e-01
1.000000000000000000e+00 0.000000000000000000e+00 1.160734742075684833e+00 5.288173092855245061e-01 1.451568154982544854e+07 6.119771521294229411e-01
1.000000000000000000e+00 1.000000000000000000e+00 3.159592326248660488e+00 1.103287032949298530e+00 1.213058854921902174e+01 8.349529910438092603e-03
1.000000000000000000e+00 1.000000000000000000e+00 1.751358098759230097e+00 1.337901448677558891e+00 1.482232946273857306e+04 3.503647886591776950e-01
1.000000000000000000e+00 1.000000000000000000e+00 1.753983193298724208e+00 7.681262664892123393e-01 6.432342894082381690e+02 5.356873533902034579e-01
1.000000000000000000e+00 1.000000000000000000e+00 7.081053694327546388e+00 7.773883721161884974e-01 2.225382125660095771e+05 1.235400592650808121e-01
1.000000000000000000e+00 1.000000000000000000e+00 1.070946815131684549e+00 9.956654375158447978e-01 1.734327622922561690e+07 7.515403540239740110e-01
1.000000000000000000e+00 1.000000000000000000e+00 9.534457477200759534e-01 8.600787743055092749e-01 1.583745145695217885e+06 8.030220759182962187e-01
1.000000000000000000e+00 1.000000000000000000e+00 3.905080503775855139e+00 1.806361229363827148e+00 1.163487958822159453e+04 9.293536062124865271e-01
1.000000000000000000e+00 0.000000000000000000e+00 7.122591162105086360e-01 5.427202638589705419e-01 3.630524257790734526e+06 5.351517331069804984e-01
0.000000000000000000e+00 0.000000000000000000e+00 6.605564064634956711e-01 6.345005022765776159e-01 9.748247829457268381e+02 2.316885552823214622e-01
1.000000000000000000e+00 0.000000000000000000e+00 5.091722642349972183e+00 6.895712714202718585e-01 1.481922159221462110e+01 3.107567927105714944e-01
1.000000000000000000e+00 1.000000000000000000e+00 1.385286678825156104e+00 8.262808423751173414e-01 6.136158595265945905e+02 6.652694267877313772e-01
1.000000000000000000e+00 1.000000000000000000e+00 7.948687246476274781e-01 7.662949129333794795e-01 1.878487699286597774e+02 7.808394019266058361e-01
1.000000000000000000e+00 1.000000000000000000e+00 9.582849848607468690e-01 9.573047245406487438e-01 3.349120208499012108e+01 4.145725718605240417e-01
1.000000000000000000e+00 0.000000000000000000e+00 1.576984689306114351e+00 6.659802010757944757e-01 6.791528132414712012e+07 6.385138546121140735e-01
1.000000000000000000e+00 1.000000000000000000e+00 4.357738328975424125e+00 8.530234957825868491e-01 1.642307571373606606e+03 5.481702070339335986e-01
1.000000000000000000e+00 1.000000000000000000e+00 2.233948872008349795e+00 9.996025439318694250e-01 3.175994646167093306e+05 1.640138140891211349e-01
1.000000000000000000e+00 1.000000000000000000e+00 1.228910579422097982e+01 5.188219806859466487e+00 6.546213002887086851e+00 1.648735258210409227e-01
1.000000000000000000e+00 1.000000000000000000e+00 1.916300753539195378e+00 7.427448017385875900e-01 3.937225234958289191e+06 4.105450043391515313e-01
1.000000000000000000e+00 1.000000000000000000e+00 8.400014160443282307e+00 1.306719203212945990e+00 8.035085394805954593e+02 7.100741533306215159e-01
1.000000000000000000e+00 1.000000000000000000e+00 6.751907975603604228e+00 1.899984738100574555e+00 1.455713867269479636e+02 8.490600290112473303e-01
1.000000000000000000e+00 1.000000000000000000e+00 1.377696831959068113e+01 3.514400671539078314e+00 1.972200590303164499e+05 6.881088808866723250e-01
1.000000000000000000e+00 1.000000000000000000e+00 2.600753034757861126e+00 2.582855321194470477e+00 2.218111210741230366e+02 4.533215766932739421e-01
1.000000000000000000e+00 1.000000000000000000e+00 5.863993120316248309e+00 3.005274227484540539e+00 1.227938340070782488e+03 7.861131882006685556e-01
1.000000000000000000e+00 1.000000000000000000e+00 9.957957634108647316e-01 9.688508556382402492e-01 3.873239104907436413e+05 3.045184701985191311e-01
1.000000000000000000e+00 0.000000000000000000e+00 7.874899074737349292e-01 6.750412819030028322e-01 1.467622886354036200e+04 7.269390630594687597e-01
1.000000000000000000e+00 1.000000000000000000e+00 5.488080662073254956e+00 1.886850633348251094e+00 3.612797105160597130e+04 4.875829362911546783e-01
1.000000000000000000e+00 1.000000000000000000e+00 1.177193582649077586e+00 1.052631655099256713e+00 7.084492586073722923e+05 7.579959335803174714e-01
1.000000000000000000e+00 1.000000000000000000e+00 3.169938725346260089e+00 8.480434168192545474e-01 6.999817957099924097e+05 5.063154008367523051e-01
1.000000000000000000e+00 1.000000000000000000e+00 3.605349308091068128e+00 7.114458139563766270e-01 4.534921899675995810e+05 6.910795494999637523e-01
1.000000000000000000e+00 1.000000000000000000e+00 1.202822159373591715e+00 1.146607749989149605e+00 9.104334619177185672e+00 3.682743465285400197e-01
1.000000000000000000e+00 1.000000000000000000e+00 1.068593081071337991e+01 1.362711693717080008e+00 1.270697475898716903e+03 8.927885117269428461e-01
1.000000000000000000e+00 1.000000000000000000e+00 1.931429554751052047e+00 1.772783462477164562e+00 2.636641296290879473e+04 5.215122558046352275e-01
1.000000000000000000e+00 1.000000000000000000e+00 5.970759655086471440e+00 8.392902681484791794e-01 7.478725027574512176e+06 8.154427918283260190e-01
1.000000000000000000e+00 1.000000000000000000e+00 3.402748429905142924e+00 3.394776111451891509e+00 3.064347301044454071e+02 8.481770711485658865e-01
1.000000000000000000e+00 1.000000000000000000e+00 5.967228048950365071e+00 5.505992354744683404e+00 4.707879637606443168e+01 6.706461723379412154e-01
1.000000000000000000e+00 0.000000000000000000e+00 8.350501119522685256e-01 6.530784134178866385e-01 2.296644553010916934e+04 5.264226346676703638e-01
0.000000000000000000e+00 0.000000000000000000e+00 6.222761426946824548e-01 5.244915191185564041e-01 4.981895392344333231e+04 5.968233319986416818e-01
1.000000000000000000e+00 0.000000000000000000e+00 2.103826884301773337e+00 5.343824646833144065e-01 3.504556096436145253e+03 6.347881746983474738e-01
1.000000000000000000e+00 1.000000000000000000e+00 1.287389398864811696e+01 5.159040897674479709e+00 2.356665347742400662e+00 4.501612508305883470e-02
0.000000000000000000e+00 0.000000000000000000e+00 6.042611547971716845e-01 5.745982203201780436e-01 5.935813268018862000e+05 2.859567292067445865e-01
1.000000000000000000e+00 1.000000000000000000e+00 1.337263824485038111e+00 7.434436263233540343e-01 1.583414425294098910e+05 8.806212556853177942e-01
1.000000000000000000e+00 0.000000000000000000e+00 1.577378353605524364e+00 5.318152852862755298e-01 1.281836534971505962e+07 7.544418523460372228e-01
1.000000000000000000e+00 1.000000000000000000e+00 1.046955657623892311e+00 1.006490088929920645e+00 1.839505401827057358e+04 4.390731776840115508e-01
1.000000000000000000e+00 1.000000000000000000e+00 2.935003061084491272e+00 2.068833482972032289e+00 5.829966608759180602e+00 4.050855373278774117e-03
0.000000000000000000e+00 0.000000000000000000e+00 5.211138827114204508e-01 5.139343631932350442e-01 2.303070995376740029e+03 1.281461336478712520e-01
0.000000000000000000e+00 0.000000000000000000e+00 5.901853733009256864e-01 5.742324626187538250e-01 1.660613247560941149e+06 4.845262435053395572e-02
1.000000000000000000e+00 1.000000000000000000e+00 2.700748356369225611e+00 2.654305527073972826e+00 5.479566290126605566e+01 1.320907918306204187e-01
1.000000000000000000e+00 1.000000000000000000e+00 5.126451298435521942e+00 2.399271138204319254e+00 1.232547769814999761e+01 7.944834281898375747e-03
1.000000000000000000e+00 0.000000000000000000e+00 1.880316475932797937e+00 5.577503688474223509e-01 4.575082809609876014e+06 3.562483609939235962e-01
1.000000000000000000e+00 0.000000000000000000e+00 7.436396886454917921e-01 6.015602487660578479e-01 3.970782280162012956e+00 7.328810664003952355e-03
0.000000000000000000e+00 0.000000000000000000e+00 6.340524319546797516e-01 6.045134765667439236e-01 1.906909701879659679e+03 8.701285442040704865e-01
1.000000000000000000e+00 1.000000000000000000e+00 2.354545215864302765e+00 8.496248275939896066e-01 1.775719733472985951e+01 5.197719708087081836e-01
1.000000000000000000e+00 1.000000000000000000e+00 2.124072142188770496e+00 9.529665584148806490e-01 1.087187444468235498e+02 6.584347655003919275e-01
1.000000000000000000e+00 1.000000000000000000e+00 2.963179531207803752e+00 1.206161391311550535e+00 9.272323298387014802e+03 4.208944341753149687e-01
1.000000000000000000e+00 1.000000000000000000e+00 1.689740846383278594e+00 1.600784723759083095e+00 4.773833461868455743e+03 1.220063360396622804e-01
1.000000000000000000e+00 0.000000000000000000e+00 3.992354999198322041e+00 6.765371394512413872e-01 7.775962572909822512e+00 2.114558796399209351e-01
1.000000000000000000e+00 0.000000000000000000e+00 7.088806902753899131e-01 6.273029330509558577e-01 3.747505973623247666e+00 2.768917711485306080e-03
1.000000000000000000e+00 0.000000000000000000e+00 8.456403143491518781e-01 6.298489442175709829e-01 5.132281940844936616e+04 1.605503492078336203e-01
1.000000000000000000e+00 1.000000000000000000e+00 1.529111333709820331e+00 1.524118785214353622e+00 2.693550812505296199e+05 8.340850479594587030e-01
1.000000000000000000e+00 1.000000000000000000e+00 4.465895032677082099e+01 3.597795541345767134e+01 1.124244706267833749e+01 5.020860669856547220e-01
1.000000000000000000e+00 0.000000000000000000e+00 8.500425180836403971e-01 6.518986431569571138e-01 6.638672667533197114e+01 6.801993658976506207e-01
1.000000000000000000e+00 1.000000000000000000e+00 5.952872616543930739e+00 2.236983245748446425e+00 4.144516410963467933e+04 7.849580000560955062e-01
1.000000000000000000e+00 1.000000000000000000e+00 2.520123924820631078e+00 1.817107565711835404e+00 4.200860730965867447e+02 5.002462938057888886e-01
1.000000000000000000e+00 1.000000000000000000e+00 1.147360004626006624e+00 9.873458623061618367e-01 9.154911800500975005e+03 4.897299797693233092e-02
1.000000000000000000e+00 1.000000000000000000e+00 3.422226628072747356e+00 7.737182848452768269e-01 1.306517751260318328e+06 5.566727017007936373e-01
0.000000000000000000e+00 0.000000000000000000e+00 6.085467918700028234e-01 5.732634779450407336e-01 2.422089458679180825e+05 8.057039827397506349e-01
1.000000000000000000e+00 1.000000000000000000e+00 2.447734190211822636e+01 1.542247378340038821e+01 1.801811702332767995e+00 1.460425084750850699e-02
1.000000000000000000e+00 0.000000000000000000e+00 4.586459070069487609e+00 5.491007989885982044e-01 9.866877106650053975e+03 8.018906397876015557e-01
1.000000000000000000e+00 1.000000000000000000e+00 3.963585613828521925e+00 2.390865354506739315e+00 1.825116257790326563e+04 3.886076477136188867e-01
0.000000000000000000e+00 0.000000000000000000e+00 6.361981507331457841e-01 6.040675157238181159e-01 6.980000326483913113e+02 2.618329518110991128e-01
1.000000000000000000e+00 0.000000000000000000e+00 1.321215011933123851e+00 6.863624596846681358e-01 2.964098349159165537e+03 1.389806058423120605e-01
1.000000000000000000e+00 0.000000000000000000e+00 9.933200124332590697e-01 5.499975557212114508e-01 4.818958998725585843e+03 5.974928513860362500e-01
1.000000000000000000e+00 0.000000000000000000e+00 1.543972786833085475e+00 5.873013612902362457e-01 1.322600550165853929e+06 2.914969706217531709e-01
1.000000000000000000e+00 1.000000000000000000e+00 2.899017483647712279e+00 1.665604574836830443e+00 3.059750412234956798e+02 5.472150547462376613e-01
1.000000000000000000e+00 1.000000000000000000e+00 1.087939091416854298e+00 1.066367771324485680e+00 3.777403204136459972e+05 8.571288352277710576e-01
1.000000000000000000e+00 0.000000000000000000e+00 1.991933354836590286e+00 5.914330020172041680e-01 9.643148177513896968e+00 3.085778047489640477e-02
1.000000000000000000e+00 0.000000000000000000e+00 1.157285165457630383e+00 5.665613365693247250e-01 6.787786548885565935e+03 5.918491278361957125e-02
1.000000000000000000e+00 0.000000000000000000e+00 8.829143916798393166e-01 5.036851689460197790e-01 1.671758075395831256e+05 6.804627606637245751e-01
1.000000000000000000e+00 1.000000000000000000e+00 2.271043530917984832e+00 1.436068519205867089e+00 6.293235147474543737e+03 6.219028107937252248e-01
1.000000000000000000e+00 1.000000000000000000e+00 7.837059472687359918e-01 7.647784562038034695e-01 7.070773596034945222e+05 3.737052718188247913e-01
1.000000000000000000e+00 1.000000000000000000e+00 9.687224023738890466e+00 1.332195839037833229e+00 8.743426047380317812e+01 4.416427361046074695e-01
1.000000000000000000e+00 1.000000000000000000e+00 2.332258661455860693e+00 2.263978912248671982e+00 8.953462940720596634e+02 4.118772032349064527e-01
1.000000000000000000e+00 0.000000000000000000e+00 9.823813613237789566e-01 5.144666609868436824e-01 1.658595299404853677e+03 5.840977252636626593e-01
1.000000000000000000e+00 1.000000000000000000e+00 1.166930701226577494e+00 1.010078464710896684e+00 4.066724613836574281e+04 4.513323939237655624e-01
1.000000000000000000e+00 1.000000000000000000e+00 2.254251419826978076e+00 1.704136095505000892e+00 1.494272690025314887e+02 8.011891178110746026e-01
1.000000000000000000e+00 1.000000000000000000e+00 3.245900300010475803e+00 3.139336807563241294e+00 5.966936463741600392e+02 7.995740798296255836e-01
1.000000000000000000e+00 1.000000000000000000e+00 1.889002918130296305e+00 8.477673878429931031e-01 1.065055175361385227e+04 7.878019690439584943e-01
1.000000000000000000e+00 1.000000000000000000e+00 3.784543207403728182e+00 9.761804455318691121e-01 9.572360638073223527e+03 7.210408173084374983e-01
1.000000000000000000e+00 0.000000000000000000e+00 2.701622288575337372e+00 5.945362135985037266e-01 9.631461479298336781e+04 7.518959240722901116e-01
1.000000000000000000e+00 1.000000000000000000e+00 9.854045075257287678e+00 6.998865399834524936e+00 1.997790025244020606e+00 7.160488553373315496e-03
1.000000000000000000e+00 1.000000000000000000e+00 4.765707896337628036e+00 4.520086656259080904e+00 2.674436134515192620e+01 2.431829418076835447e-01
1.000000000000000000e+00 1.000000000000000000e+00 4.642011333677298346e+00 1.984310187798338898e+00 4.593572010301554837e+04 4.041613910253472608e-01
0.000000000000000000e+00 0.000000000000000000e+00 6.310125430654078826e-01 6.274500937906901665e-01 1.356447361830732320e+06 1.592082235904351828e-01
1.000000000000000000e+00 1.000000000000000000e+00 1.332131866292168398e+00 7.812121560039786416e-01 1.960531685598730983e+05 5.267437677586951361e-01
1.000000000000000000e+00 1.000000000000000000e+00 1.224487997053599120e+00 8.946661695210489373e-01 1.838066516437488826e+04 8.606111696371272490e-01
1.000000000000000000e+00 0.000000000000000000e+00 1.217434622231311936e+00 5.181036097679821983e-01 3.715209521284891991e+01 5.485637570388949280e-01
1.000000000000000000e+00 1.000000000000000000e+00 3.747498182332157146e+00 2.476941254596731312e+00 5.604813916068837720e+00 9.387838724601778317e-02
1.000000000000000000e+00 1.000000000000000000e+00 1.927530103208941137e+00 1.020361169551576186e+00 1.348667225756401429e+06 2.358042680621434406e-01
1.000000000000000000e+00 1.000000000000000000e+00 1.220629966229161312e+00 1.202262087090827380e+00 1.553977513601397186e+04 2.012348659252310989e-01
1.000000000000000000e+00 1.000000000000000000e+00 2.818830942029412512e+01 8.942114447954427447e+00 4.471495851094684326e+01 4.241211589476250321e-01
0.000000000000000000e+00 0.000000000000000000e+00 5.897244958106526713e-01 5.805222765377310301e-01 7.495182518406387544e+02 7.463734130017859458e-01
1.000000000000000000e+00 1.000000000000000000e+00 1.101204568678368467e+00 8.057291448962914382e-01 3.794652838481985100e+02 4.814521805701901247e-01
1.000000000000000000e+00 0.000000000000000000e+00 4.289904687311585363e+00 5.476400931275458017e-01 8.796465081339819392e+01 6.487516710136317366e-01
0.000000000000000000e+00 0.000000000000000000e+00 5.852340281197113692e-01 5.629301106206459071e-01 2.576073472232916401e+02 8.328863828807541170e-01
1.000000000000000000e+00 1.000000000000000000e+00 9.267399748061585285e+00 1.260924097659963161e+00 1.063504245427089700e+04 8.875286082445184022e-01
1.000000000000000000e+00 1.000000000000000000e+00 1.191992742034038777e+01 9.208504730123765469e+00 2.475985281967211549e+01 6.710742078973559455e-01
1.000000000000000000e+00 1.000000000000000000e+00 2.083177979623592080e+01 8.603116246876949091e+00 4.634997778084517961e+00 2.393228381750152900e-01
1.000000000000000000e+00 1.000000000000000000e+00 7.719227338390191040e-01 7.624971855205353588e-01 2.028613027297826932e+01 3.420738466601631611e-01
1.000000000000000000e+00 1.000000000000000000e+00 2.259336218822777020e+00 2.195214513504935905e+00 3.247674085227685303e+00 1.985013003578263435e-03
1.000000000000000000e+00 1.000000000000000000e+00 5.052170834668780586e+00 8.602416971524603495e-01 2.285393254650557647e+05 8.720086343239250581e-01
1.000000000000000000e+00 1.000000000000000000e+00 1.795571974201394028e+00 1.509805766819492190e+00 4.661598107386551565e+05 7.325121616573104788e-01
1.000000000000000000e+00 1.000000000000000000e+00 7.483956631627425304e-01 7.209001078320389500e-01 5.441779967557235068e+03 4.625246121828259782e-01
1.000000000000000000e+00 1.000000000000000000e+00 2.532309838795207657e+00 8.614280220738734783e-01 9.900341431054095665e+03 7.408527861198884734e-01
1.000000000000000000e+00 0.000000000000000000e+00 9.241823211705051389e-01 6.325441581873753050e-01 4.428634394128651911e+04 7.751356641811124604e-01
1.000000000000000000e+00 1.000000000000000000e+00 7.321501117393983682e-01 7.308234047863666483e-01 5.255319384281809107e+03 7.588503878232431832e-02
1.000000000000000000e+00 1.000000000000000000e+00 8.269981558484165163e-01 8.234216889656927885e-01 2.788898814611891285e+05 5.815419030987348803e-01
1.000000000000000000e+00 0.000000000000000000e+00 1.270149471566577093e+00 5.160452763293695844e-01 4.553555584488659065e+02 6.604284357203895617e-01
1.000000000000000000e+00 0.000000000000000000e+00 2.742044860747575807e+00 5.236258954052863679e-01 1.577762405905681646e+02 6.727317569779764916e-01
1.000000000000000000e+00 1.000000000000000000e+00 5.986453172137783163e+00 1.452908433402012589e+00 8.625184338204223877e+02 7.536420083028761985e-01
0.000000000000000000e+00 0.000000000000000000e+00 5.563961746589368706e-01 5.401395574754378481e-01 1.781933504166425846e+05 2.338440301503952046e-01
1.000000000000000000e+00 1.000000000000000000e+00 9.822201696347625521e-01 9.370906416731397126e-01 2.365417631864948635e+04 1.842827490948288627e-01
1.000000000000000000e+00 0.000000000000000000e+00 2.100893023983525953e+00 5.472969122406765585e-01 6.208494219880827814e+02 8.766133517347248771e-01
1.000000000000000000e+00 0.000000000000000000e+00 8.425449691610917835e-01 5.408870783818400252e-01 4.522516862164090388e+06 8.840621296630147841e-01
1.000000000000000000e+00 1.000000000000000000e+00 3.465004876636456288e+00 8.505918830942934550e-01 7.040274036183778662e+04 5.512537007145895673e-01
1.000000000000000000e+00 1.000000000000000000e+00 1.211415637526682465e+00 1.100368706419072140e+00 4.168088492543359753e+06 7.625881169728863096e-01
1.000000000000000000e+00 1.000000000000000000e+00 3.188854958227488989e+00 2.489995189738750891e+00 7.336127688684691384e+04 5.337818876118909373e-01
