1.000000000000000000e+01 8.039999999999999147e+00
8.000000000000000000e+00 6.950000000000000178e+00
1.300000000000000000e+01 7.580000000000000071e+00
9.000000000000000000e+00 8.810000000000000497e+00
1.100000000000000000e+01 8.330000000000000071e+00
1.400000000000000000e+01 9.960000000000000853e+00
6.000000000000000000e+00 7.240000000000000213e+00
4.000000000000000000e+00 4.259999999999999787e+00
1.200000000000000000e+01 1.083999999999999986e+01
7.000000000000000000e+00 4.820000000000000284e+00
5.000000000000000000e+00 5.679999999999999716e+00
