8.000000000000000000e+00 6.580000000000000071e+00
8.000000000000000000e+00 5.759999999999999787e+00
8.000000000000000000e+00 7.709999999999999964e+00
8.000000000000000000e+00 8.839999999999999858e+00
8.000000000000000000e+00 8.470000000000000639e+00
8.000000000000000000e+00 7.040000000000000036e+00
8.000000000000000000e+00 5.250000000000000000e+00
1.900000000000000000e+01 1.250000000000000000e+01
8.000000000000000000e+00 5.559999999999999609e+00
8.000000000000000000e+00 7.910000000000000142e+00
8.000000000000000000e+00 6.889999999999999680e+00
