1.000000000000000000e+01 9.140000000000000568e+00
8.000000000000000000e+00 8.140000000000000568e+00
1.300000000000000000e+01 8.740000000000000213e+00
9.000000000000000000e+00 8.769999999999999574e+00
1.100000000000000000e+01 9.259999999999999787e+00
1.400000000000000000e+01 8.099999999999999645e+00
6.000000000000000000e+00 6.129999999999999893e+00
4.000000000000000000e+00 3.100000000000000089e+00
1.200000000000000000e+01 9.130000000000000782e+00
7.000000000000000000e+00 7.259999999999999787e+00
5.000000000000000000e+00 4.740000000000000213e+00
