1.000000000000000000e+01 7.459999999999999964e+00
8.000000000000000000e+00 6.769999999999999574e+00
1.300000000000000000e+01 1.274000000000000021e+01
9.000000000000000000e+00 7.110000000000000320e+00
1.100000000000000000e+01 7.809999999999999609e+00
1.400000000000000000e+01 8.839999999999999858e+00
6.000000000000000000e+00 6.080000000000000071e+00
4.000000000000000000e+00 5.389999999999999680e+00
1.200000000000000000e+01 8.150000000000000355e+00
7.000000000000000000e+00 6.419999999999999929e+00
5.000000000000000000e+00 5.730000000000000426e+00
