8.292314628974793322e+00
8.789677338617320146e+00
8.828642741736615562e+00
8.598861365389190325e+00
8.919357144166994544e+00
9.202025428407269558e+00
9.943092950605265656e+00
9.087288906415919243e+00
9.128775195361381378e+00
8.962777042116917059e+00
8.040614392350478923e+00
8.986743062275390770e+00
9.030115104970512618e+00
1.023162105624264306e+01
8.903819517609438350e+00
9.150773671166806622e+00
8.982644115147378372e+00
8.415660981190233869e+00
9.571411407257510717e+00
9.375966516343387624e+00
9.395515973521522568e+00
8.545306272602630315e+00
9.701397155468049149e+00
8.299074468603858890e+00
9.293428546900134535e+00
1.009522781290498905e+01
8.504731837434656327e+00
8.716851135198613321e+00
9.049825682543820804e+00
8.748262172941901227e+00
8.224668284466932988e+00
9.034281487403013955e+00
8.468848143136947115e+00
9.236796215317591319e+00
8.540287882883099257e+00
9.774967202508769049e+00
8.608373353831881403e+00
8.838969241897162377e+00
9.406758608684834044e+00
8.384567841783022502e+00
9.113729967302065305e+00
9.653571377141213716e+00
8.196258382719385338e+00
9.092316929266152314e+00
9.129941397124211377e+00
9.390911435888655845e+00
8.381524644560958137e+00
8.339771693457862511e+00
9.260970782808449542e+00
9.148492336616593334e+00
9.125246425172937492e+00
9.173224104748488372e+00
8.659987639210754651e+00
9.116126848580501374e+00
9.146536236649341234e+00
8.642824290986816038e+00
9.932887255572378393e+00
9.236916460455894651e+00
8.404348251398674918e+00
9.328276804316914195e+00
8.512659164886338559e+00
9.393542301871226741e+00
9.579297789503701921e+00
8.589658840824144548e+00
9.481688064622160184e+00
9.206390463468249408e+00
9.411030079997244613e+00
9.948396491326974456e+00
8.877305941998564265e+00
8.623131917821254433e+00
8.555242785187237686e+00
8.592094857517281525e+00
8.961449145292947449e+00
9.170575987408321694e+00
9.138345399665009694e+00
9.413591624518012679e+00
9.006500945938952896e+00
9.726767038578659097e+00
8.867671583381021350e+00
1.036008458329481030e+01
9.312833673882503049e+00
8.571421221791858613e+00
8.464553750969443513e+00
9.241236207621593479e+00
8.888268607337074911e+00
9.357000247046045160e+00
9.236618812286772950e+00
8.963585543671563016e+00
8.576603140965797678e+00
8.242576387657067016e+00
8.776742523966490239e+00
9.428199397161735718e+00
9.107046872065101439e+00
8.377130610644005770e+00
9.086590462925590472e+00
9.192658689864417809e+00
8.558071281899433558e+00
9.076862552972764675e+00
9.029104359223000031e+00
8.428514851084688786e+00
9.178893680174141423e+00
9.280392263184117141e+00
9.541525621587638284e+00
9.526901026017451812e+00
8.311165316021455141e+00
8.531087480042438997e+00
9.257517633604329887e+00
9.256892975456104011e+00
9.257523843153023790e+00
1.092636574532736127e+01
9.285445255346584048e+00
9.567782820090299012e+00
9.477000881746601380e+00
9.325695625652899778e+00
8.842365377679827887e+00
9.379484610246633380e+00
8.613587392731213654e+00
8.881590696629995563e+00
8.757318226085448742e+00
9.040937069693161021e+00
1.015732928333675389e+01
8.066367403704125749e+00
9.343130095187257567e+00
8.193642064405175063e+00
8.764034067105283654e+00
9.544475298483682479e+00
9.032140009547731552e+00
8.461127611035346163e+00
8.642348145370016610e+00
9.339798874467337697e+00
8.634816684141432219e+00
9.108229294790987751e+00
9.022785919951907374e+00
8.674199826197090957e+00
1.007197204466266349e+01
9.316959511159005558e+00
7.987428706671196643e+00
9.093227157384713877e+00
8.669106767615806675e+00
9.426216667398112037e+00
8.603739630783650227e+00
8.942631779266550396e+00
9.252493639490229071e+00
9.432877597085060017e+00
8.399851796472111332e+00
8.832749382079525091e+00
8.762527344419522635e+00
8.673335383713144608e+00
9.882727120140549104e+00
9.202490855480478515e+00
8.369558022832476851e+00
9.458930973527387209e+00
1.006107809850631618e+01
9.516232630275572646e+00
8.240315017022993516e+00
8.757882963566874679e+00
9.633455574593311255e+00
8.646165267190609072e+00
9.221909714073113662e+00
9.387317026714669055e+00
8.536534764210959025e+00
8.970237321969099398e+00
7.379366329965463933e+00
8.487806179332855194e+00
8.873715924303420266e+00
8.376108409017575696e+00
9.816205651965818291e+00
8.284929311019682885e+00
8.779977756651508258e+00
9.065370288643045171e+00
9.720636644533056980e+00
8.282068924410280530e+00
9.581581876077478910e+00
9.005116530509793549e+00
8.509245674476025201e+00
9.231051737131634738e+00
9.099529847786735459e+00
8.699891561420603381e+00
9.034901042495009804e+00
8.807343201569119984e+00
9.056758672625624840e+00
9.331065337260524117e+00
9.793008408072676474e+00
8.381092250586576142e+00
1.006651668732813398e+01
8.023956100238748945e+00
8.924107452482207492e+00
9.294158603242287597e+00
9.140495933867516243e+00
8.688650240089703658e+00
8.895938874821363029e+00
8.753499532670582894e+00
8.705317621527894900e+00
9.424801048510511592e+00
9.178507742982523254e+00
8.653545202369672396e+00
9.449799937716624854e+00
9.153649760438304028e+00
9.406431059419480434e+00
9.314814420961806007e+00
