6.490142459033697797e+00
4.585207096486445977e+00
6.943065614302077471e+00
9.569089569224075831e+00
4.297539875829992084e+00
4.297589129152457943e+00
9.737638446522174362e+00
7.302304187458726226e+00
3.591576842195143726e+00
6.627680130757894084e+00
3.609746921562613231e+00
3.602810739289229680e+00
5.725886814698101901e+00
-7.398407339733932275e-01
-1.747534975390987455e-01
3.313137412277082028e+00
1.961506638996728391e+00
5.942741997785821795e+00
2.275927773436367207e+00
7.630888959941257710e-01
9.396946306764661472e+00
4.322671098540393331e+00
5.202584614063771262e+00
7.257554413596292164e-01
3.366851826424452021e+00
5.332767769129597824e+00
1.547019267733091397e+00
6.127094055037016318e+00
3.198083930243584838e+00
4.124918750620169661e+00
3.194880163311809351e+00
1.055683455352681221e+01
4.959508325786198490e+00
1.826867213132298939e+00
7.467634736309566534e+00
1.337469050086933287e+00
5.626590785014266238e+00
-8.790103716393264932e-01
1.015441853304708708e+00
5.590583707607370556e+00
7.215399739986231076e+00
5.514104843569911374e+00
4.653055152835278818e+00
4.096688913232133800e+00
5.644340288977183206e-01
2.840467374815874191e+00
3.618083687120637215e+00
8.171366678656747595e+00
6.030854868705384675e+00
-2.891204660882014110e-01
5.972251908184384561e+00
3.844753158751050393e+00
2.969233999082123709e+00
6.835028866522604218e+00
8.092998567487853734e+00
7.793840357348595482e+00
2.482347430332084492e+00
4.072362872446356086e+00
5.993790294210691982e+00
7.926635381367077571e+00
3.562477286464130088e+00
4.443023070008548459e+00
1.680995077981915387e+00
1.411380127757987601e+00
7.437577467182594049e+00
9.068720085712469015e+00
4.783969635258998210e+00
8.010598693676072912e+00
6.084908075142902106e+00
3.064640736184627290e+00
6.084186816525241959e+00
9.614109699397907605e+00
4.892521882670145317e+00
9.693930967442017987e+00
-2.859235312269232665e+00
7.465707513125671824e+00
5.261141204714514075e+00
4.102977948602397618e+00
5.275282329606507226e+00
-9.627067438026788437e-01
4.340984336487464290e+00
6.071337714535239627e+00
9.433682134224547156e+00
3.445189345179057838e+00
2.574519191320437272e+00
3.494728869246390257e+00
7.746206353106222409e+00
5.986253328979053379e+00
3.410719388698883581e+00
6.539802299340068181e+00
5.291232648044121412e+00
7.905934971598667538e+00
2.893840718367942877e+00
4.017013560206695644e+00
3.823675540603526990e+00
6.094551556036442719e-01
5.888360831193727662e+00
5.783165816539668214e+00
5.015340369927383080e+00
4.296238599874559583e+00
